0.0 (1.2302,7.9549) (3.4141,6.9802) (5.6934,6.0086)
1.0 (1.6603,8.2097) (3.8282,7.2604) (6.0868,6.3172)
2.0 (2.0905,8.4646) (4.2423,7.5406) (6.4802,6.6258)
3.0 (2.5207,8.7195) (4.6564,7.8208) (6.8736,6.9345)
4.0 (2.9508,8.9744) (5.0705,8.1011) (7.2670,7.2431)
5.0 (3.3810,9.2292) (5.4846,8.3812) (7.6603,7.5517)
6.0 (3.8112,9.4841) (5.8987,8.6615) (8.0537,7.8603)
7.0 (4.2413,9.7389) (6.3128,8.9417) (8.4471,8.1690)
8.0 (4.6715,9.9938) (6.7269,9.2219) (8.8405,8.4776)
9.0 (5.1017,10.2487) (7.1787,9.4362) (9.2338,8.7862)
10.0 (5.5318,10.5035) (7.5921,9.7175) (9.6273,9.0948)
11.0 (5.9620,10.7584) (8.0055,9.9987) (10.0206,9.4034)
12.0 (6.3922,11.0132) (8.4189,10.2799) (10.4140,9.7121)
13.0 (6.8223,11.2681) (8.8323,10.5611) (10.8074,10.0207)
14.0 (7.2525,11.5230) (9.2458,10.8424) (11.2008,10.3293)
15.0 (7.6827,11.7778) (9.6592,11.1236) (11.5942,10.6379)
16.0 (8.1128,12.0327) (10.0726,11.4048) (11.9876,10.9465)
17.0 (8.5430,12.2876) (10.4860,11.6860) (12.3810,11.2552)
18.0 (8.9732,12.5424) (10.8995,11.9672) (12.7743,11.5638)
19.0 (9.4034,12.7973) (11.3129,12.2484) (13.1677,11.8724)
20.0 (9.8335,13.0521) (11.7263,12.5297) (13.5611,12.1810)
21.0 (10.2637,13.3070) (12.1397,12.8109) (13.9545,12.4896)
22.0 (10.6939,13.5619) (12.5531,13.0921) (14.3479,12.7982)
23.0 (11.1240,13.8167) (12.9666,13.3732) (14.7413,13.1069)
24.0 (11.5542,14.0716) (13.3800,13.6545) (15.1347,13.4155)
25.0 (11.9844,14.3264) (13.3800,14.0910) (15.5281,13.7241)
26.0 (12.2708,14.6988) (13.7977,14.3659) (15.9215,14.0327)
27.0 (12.6399,15.0361) (14.2154,14.6407) (16.3149,14.3413)
28.0 (12.8200,15.5026) (14.6820,14.8204) (16.7083,14.6499)
29.0 (12.9100,15.9863) (15.1717,14.9216) (17.1017,14.9585)
30.0 (12.9550,16.4528) (15.6613,15.0228) (17.4951,15.2671)
31.0 (12.9775,16.9011) (16.1119,15.2394) (17.8885,15.5757)
32.0 (12.9946,17.3636) (16.5824,15.4087) (18.2819,15.8843)
33.0 (13.0110,17.8064) (16.9785,15.7139) (18.6753,16.1929)
34.0 (13.4525,18.0410) (17.3847,16.0054) (19.0687,16.5016)
35.0 (13.7263,18.4286) (17.7935,16.2933) (19.4621,16.8102)
36.0 (13.8631,18.8031) (18.2024,16.5811) (19.8554,17.1188)
37.0 (13.9479,19.2832) (18.6112,16.8689) (20.2488,17.4274)
38.0 (14.0442,19.7738) (19.0200,17.1568) (20.6422,17.7361)
39.0 (14.4322,20.0893) (19.4288,17.4447) (21.0356,18.0447)
40.0 (14.7161,20.3901) (19.8377,17.7325) (21.4290,18.3533)
41.0 (14.8580,20.6788) (20.2465,18.0204) (21.8223,18.6619)
42.0 (14.9290,20.9533) (20.6553,18.3082) (22.2157,18.9705)
43.0 (14.9645,21.2176) (21.0642,18.5961) (22.6091,19.2791)
44.0 (15.0045,21.5678) (21.4730,18.8839) (23.0025,19.5878)
45.0 (15.0633,21.9369) (21.8818,19.1718) (23.3959,19.8964)
46.0 (15.5193,22.1420) (22.2906,19.4597) (23.7893,20.2050)
47.0 (15.7597,22.4051) (22.6994,19.7475) (24.1827,20.5136)
48.0 (15.8798,22.5844) (23.1083,20.0354) (24.5761,20.8223)
49.0 (15.9399,22.7531) (23.5171,20.3232) (24.9695,21.1309)
50.0 (15.9700,22.9109) (23.9259,20.6111) (25.3628,21.4395)
51.0 (15.9850,23.0582) (24.3348,20.8989) (25.7562,21.7481)
52.0 (15.9925,23.1955) (24.7436,21.1868) (26.1496,22.0568)
53.0 (15.9962,23.3232) (25.1524,21.4746) (26.5430,22.3654)
54.0 (15.9991,23.4625) (25.5613,21.7625) (26.9364,22.6740)
55.0 (16.0018,23.5921) (25.9701,22.0503) (27.3298,22.9826)
56.0 (16.1473,23.9972) (26.3789,22.3382) (27.7232,23.2912)
57.0 (16.5605,24.2387) (26.7877,22.6261) (28.1166,23.5998)
58.0 (16.7803,24.4694) (27.1966,22.9139) (28.5100,23.9084)
59.0 (16.8901,24.5847) (27.6054,23.2017) (28.9034,24.2170)
60.0 (16.9451,24.6164) (28.0142,23.4896) (29.2968,24.5256)
61.0 (16.9725,24.6457) (28.4231,23.7774) (29.6901,24.8343)
62.0 (16.9863,24.6730) (28.8319,24.0653) (30.0835,25.1429)
63.0 (16.9931,24.6981) (29.2407,24.3531) (30.4769,25.4515)
64.0 (16.9966,24.7213) (29.6496,24.6410) (30.8703,25.7601)
65.0 (16.9983,24.7427) (30.0584,24.9288) (31.2637,26.0687)
66.0 (16.9991,24.7625) (30.4672,25.2167) (31.6571,26.3773)
67.0 (16.9996,24.7807) (30.8761,25.5045) (32.0505,26.6860)
68.0 (16.9998,24.7977) (31.2849,25.7924) (32.4439,26.9946)
69.0 (16.9999,24.8133) (31.6937,26.0802) (32.8372,27.3032)
70.0 (16.9999,24.8276) (32.1026,26.3681) (33.2306,27.6119)
71.0 (17.0000,24.8409) (32.5114,26.6559) (33.6240,27.9205)
72.0 (17.0000,24.8531) (32.9202,26.9438) (34.0174,28.2291)
73.0 (17.0000,24.8644) (33.0000,27.0000) (34.4108,28.5378)
74.0 (17.0000,24.8748) (33.0000,27.0001) (34.8042,28.8464)
75.0 (17.0000,24.8845) (33.0000,27.0000) (35.0001,29.0000)
76.0 (17.0000,24.8933) (33.0000,27.0000) (34.9999,29.0000)
77.0 (17.0000,24.9015) (33.0000,27.0000) (35.0000,29.0000)
78.0 (17.0000,24.9091) (33.0000,27.0000) (35.0000,29.0000)
79.0 (17.0000,24.9161) (33.0000,27.0000) (35.0000,29.0000)
80.0 (17.0000,24.9225) (33.0000,27.0000) (35.0000,29.0000)
81.0 (17.0000,24.9285) (33.0001,27.0000) (35.0001,29.0000)
82.0 (17.0000,24.9341) (33.0000,26.9999) (35.0000,29.0001)
83.0 (17.0000,24.9392) (33.0001,27.0000) (34.9999,29.0000)
84.0 (17.0000,24.9439) (33.0000,27.0001) (35.0000,29.0000)
85.0 (17.0000,24.9482) (33.0000,27.0000) (35.0000,29.0000)
86.0 (17.0000,24.9522) (33.0001,27.0000) (35.0000,29.0000)
87.0 (17.0000,24.9559) (33.0000,26.9999) (35.0000,29.0000)
88.0 (17.0000,24.9592) (32.9999,27.0000) (35.0000,29.0000)
89.0 (17.0000,24.9623) (33.0000,27.0000) (35.0000,29.0000)
90.0 (17.0000,24.9653) (33.0000,26.9999) (34.9999,29.0000)
91.0 (17.0000,24.9679) (33.0000,27.0000) (35.0000,29.0001)
92.0 (17.0000,24.9704) (33.0000,27.0000) (35.0000,29.0000)
93.0 (17.0000,24.9727) (33.0000,27.0000) (35.0000,29.0000)
94.0 (17.0000,24.9747) (33.0000,27.0000) (35.0000,29.0000)
95.0 (17.0000,24.9767) (33.0000,27.0000) (35.0000,29.0000)
96.0 (17.0000,24.9784) (33.0000,27.0000) (35.0000,29.0000)
97.0 (17.0000,24.9800) (33.0001,27.0000) (35.0000,29.0000)
98.0 (17.0000,24.9816) (33.0001,27.0000) (35.0000,28.9999)
99.0 (17.0000,24.9831) (33.0000,27.0000) (35.0000,29.0000)
100.0 (17.0000,24.9843) (33.0000,27.0000) (35.0000,29.0000)
101.0 (17.0000,24.9855) (33.0000,27.0001) (35.0000,29.0000)
102.0 (17.0000,24.9866) (33.0000,26.9999) (35.0000,29.0000)
103.0 (17.0000,24.9877) (33.0000,27.0000) (35.0000,29.0001)
104.0 (17.0000,24.9887) (33.0000,27.0000) (35.0000,29.0000)
105.0 (17.0000,24.9895) (33.0000,27.0000) (35.0000,29.0000)
106.0 (17.0000,24.9904) (33.0000,27.0000) (35.0000,28.9999)
107.0 (17.0000,24.9911) (33.0000,27.0001) (35.0000,29.0000)
108.0 (17.0000,24.9918) (32.9999,27.0001) (35.0000,29.0000)
109.0 (17.0000,24.9924) (33.0000,27.0000) (34.9999,29.0000)
110.0 (17.0000,24.9930) (33.0000,27.0000) (35.0000,29.0000)
111.0 (17.0000,24.9935) (33.0000,27.0000) (35.0001,29.0000)
112.0 (17.0000,24.9941) (33.0000,27.0001) (35.0000,29.0001)
113.0 (17.0000,24.9944) (33.0000,27.0000) (35.0001,29.0000)
114.0 (17.0000,24.9949) (33.0000,27.0000) (35.0000,29.0000)
115.0 (17.0000,24.9953) (33.0000,27.0001) (35.0000,29.0000)
116.0 (17.0000,24.9957) (32.9999,26.9999) (35.0000,28.9999)
117.0 (17.0000,24.9960) (33.0000,27.0000) (35.0000,29.0001)
118.0 (17.0000,24.9963) (33.0000,27.0000) (34.9999,28.9999)
119.0 (17.0000,24.9966) (33.0000,26.9999) (35.0000,29.0000)
120.0 (17.0000,24.9968) (33.0001,27.0000) (35.0000,28.9999)
121.0 (17.0000,24.9970) (33.0001,27.0000) (35.0000,29.0000)
122.0 (17.0000,24.9973) (33.0000,27.0000) (35.0000,29.0000)
123.0 (17.0000,24.9976) (33.0001,27.0001) (35.0000,29.0000)
124.0 (17.0000,24.9978) (33.0000,27.0000) (35.0000,29.0000)
125.0 (17.0000,24.9979) (33.0000,27.0000) (35.0000,29.0000)
126.0 (17.0000,24.9981) (32.9999,27.0001) (34.9999,29.0000)
127.0 (17.0000,24.9983) (33.0000,27.0001) (35.0000,29.0000)
128.0 (17.0000,24.9984) (33.0001,27.0000) (35.0000,29.0000)
129.0 (17.0000,24.9986) (33.0000,27.0000) (35.0000,29.0000)
130.0 (17.0000,24.9987) (32.9999,27.0000) (35.0001,29.0001)
131.0 (17.0000,24.9988) (33.0000,27.0000) (35.0000,29.0001)
132.0 (17.0000,24.9988) (33.0000,27.0000) (35.0000,29.0000)
133.0 (17.0000,24.9989) (33.0000,27.0000) (35.0001,29.0000)
134.0 (17.0000,24.9990) (33.0000,27.0000) (34.9999,29.0001)
135.0 (17.0000,24.9990) (33.0001,27.0000) (35.0000,29.0000)
136.0 (17.0000,24.9990) (33.0000,27.0001) (35.0001,29.0000)
137.0 (17.0000,24.9991) (33.0000,27.0000) (34.9999,29.0000)
138.0 (17.0000,24.9992) (33.0000,27.0000) (34.9999,29.0000)
139.0 (17.0000,24.9992) (33.0000,27.0001) (35.0000,29.0000)
140.0 (17.0000,24.9992) (32.9999,27.0000) (35.0000,29.0000)
141.0 (17.0000,24.9992) (32.9999,27.0000) (35.0000,29.0000)
142.0 (17.0000,24.9993) (33.0000,27.0000) (35.0000,29.0000)
143.0 (17.0000,24.9994) (32.9999,27.0000) (35.0000,29.0000)
144.0 (17.0000,24.9994) (33.0000,26.9999) (35.0000,29.0001)
145.0 (17.0000,24.9995) (33.0000,27.0000) (35.0000,29.0000)
146.0 (17.0000,24.9995) (33.0000,27.0000) (35.0000,29.0000)
147.0 (17.0000,24.9995) (32.9999,27.0000) (35.0000,29.0001)
148.0 (17.0000,24.9996) (33.0000,27.0000) (35.0000,29.0000)
149.0 (17.0000,24.9996) (32.9999,27.0000) (35.0000,29.0000)
150.0 (17.0000,24.9996) (33.0000,27.0000) (35.0001,29.0000)
151.0 (17.0000,24.9997) (33.0001,27.0000) (35.0000,29.0000)
152.0 (17.0000,24.9998) (33.0000,27.0000) (35.0000,29.0000)
153.0 (17.0000,24.9998) (33.0000,27.0001) (35.0000,29.0000)
154.0 (17.0000,24.9998) (33.0000,27.0000) (35.0000,29.0001)
155.0 (17.0000,24.9997) (33.0000,27.0000) (34.9999,28.9999)
156.0 (17.0000,24.9997) (33.0001,27.0000) (35.0000,29.0000)
157.0 (17.0000,24.9998) (33.0000,27.0000) (35.0001,29.0000)
158.0 (17.0000,24.9998) (33.0000,27.0001) (35.0001,29.0000)
159.0 (17.0000,24.9998) (33.0000,27.0000) (35.0000,29.0000)
