0.0 (9.9345,6.5853) (9.0225,4.7935) (8.7357,3.3610)
1.0 (10.1688,6.6709) (9.2446,4.8878) (8.9714,3.4224)
2.0 (10.4030,6.7568) (9.4664,4.9826) (9.2070,3.4842)
3.0 (10.6370,6.8431) (9.6877,5.0782) (9.4423,3.5463)
4.0 (10.8707,6.9297) (9.9086,5.1745) (9.6776,3.6089)
5.0 (11.0919,7.0411) (9.9037,5.1892) (10.1283,3.6958)
6.0 (11.3246,7.1304) (10.1227,5.2878) (10.3646,3.7574)
7.0 (11.5570,7.2202) (10.3413,5.3872) (10.6007,3.8197)
8.0 (11.7893,7.3103) (10.5595,5.4875) (10.8365,3.8826)
9.0 (12.0212,7.4009) (10.7773,5.5887) (11.0720,3.9463)
10.0 (12.2529,7.4920) (10.9946,5.6907) (11.3074,4.0106)
11.0 (12.4841,7.5835) (11.2115,5.7937) (11.5424,4.0757)
12.0 (12.7150,7.6756) (11.4409,5.8707) (11.7810,4.1345)
13.0 (12.9455,7.7683) (11.6569,5.9752) (12.0155,4.2009)
14.0 (13.1755,7.8615) (11.8725,6.0806) (12.2498,4.2681)
15.0 (13.4053,7.9553) (12.0877,6.1869) (12.4838,4.3361)
16.0 (13.6346,8.0495) (12.3024,6.2942) (12.7175,4.4047)
17.0 (13.8636,8.1442) (12.5166,6.4023) (12.9509,4.4741)
18.0 (14.0923,8.2393) (12.7305,6.5114) (13.1841,4.5440)
19.0 (14.3207,8.3348) (12.9440,6.6213) (13.4170,4.6146)
20.0 (14.5488,8.4308) (13.1571,6.7321) (13.6496,4.6858)
21.0 (14.7766,8.5272) (13.3849,6.8128) (13.8857,4.7491)
22.0 (14.9878,8.6537) (13.5958,6.9207) (14.1146,4.8315)
23.0 (15.2149,8.7512) (13.8075,7.0337) (14.3466,4.9044)
24.0 (15.4416,8.8492) (14.0188,7.1475) (14.5782,4.9779)
25.0 (15.6680,8.9476) (14.2297,7.2624) (14.8096,5.0521)
26.0 (15.8941,9.0465) (14.4400,7.3783) (15.0406,5.1269)
27.0 (16.1198,9.1457) (14.6498,7.4952) (15.2714,5.2023)
28.0 (16.3453,9.2454) (14.8592,7.6131) (15.5019,5.2785)
29.0 (16.5703,9.3456) (15.0680,7.7320) (15.7320,5.3553)
30.0 (16.7951,9.4462) (15.2763,7.8519) (15.9619,5.4328)
31.0 (17.0195,9.5471) (15.4841,7.9729) (16.1915,5.5109)
32.0 (17.2436,9.6485) (15.6914,8.0949) (16.4208,5.5896)
33.0 (17.4673,9.7501) (15.8982,8.2179) (16.6497,5.6691)
34.0 (17.6907,9.8522) (16.1045,8.3420) (16.8784,5.7492)
35.0 (17.9137,9.9546) (16.3102,8.4672) (17.1067,5.8299)
36.0 (18.1364,10.0574) (16.5154,8.5934) (17.3347,5.9114)
37.0 (18.3587,10.1605) (16.7200,8.7207) (17.5623,5.9936)
38.0 (18.5807,10.2639) (16.9241,8.8491) (17.7893,6.0766)
39.0 (18.8022,10.3676) (17.1276,8.9786) (18.0159,6.1604)
40.0 (19.0235,10.4716) (17.3307,9.1091) (18.2420,6.2449)
41.0 (19.2443,10.5758) (17.5522,9.2012) (18.4770,6.3100)
42.0 (19.4645,10.6809) (17.7734,9.2937) (18.7118,6.3754)
43.0 (19.6842,10.7868) (17.9942,9.3868) (18.9462,6.4413)
44.0 (19.9032,10.8935) (18.2147,9.4804) (19.1804,6.5075)
45.0 (20.1217,11.0009) (18.4347,9.5745) (19.4144,6.5740)
46.0 (20.3396,11.1092) (18.6544,9.6691) (19.6482,6.6409)
47.0 (20.5568,11.2183) (18.8737,9.7641) (19.8817,6.7082)
48.0 (20.7735,11.3283) (19.0926,9.8597) (20.1150,6.7759)
49.0 (20.9894,11.4390) (19.3112,9.9557) (20.3481,6.8439)
50.0 (21.2047,11.5505) (19.5295,10.0521) (20.5808,6.9124)
51.0 (21.4192,11.6629) (19.7474,10.1489) (20.8132,6.9813)
52.0 (21.6276,11.7766) (19.9650,10.2460) (21.0451,7.0507)
53.0 (21.8330,11.8901) (20.1824,10.3435) (21.2765,7.1206)
54.0 (21.8420,11.8763) (20.3995,10.4412) (21.5074,7.1911)
55.0 (21.8661,11.8453) (20.6183,10.5368) (21.7377,7.2622)
56.0 (21.9325,11.7880) (20.8380,10.6306) (21.9675,7.3339)
57.0 (22.0989,11.7397) (21.0584,10.7228) (22.1967,7.4063)
58.0 (22.3171,11.7557) (21.2788,10.8151) (22.4252,7.4793)
59.0 (22.5138,11.7377) (21.4985,10.9084) (22.6531,7.5530)
60.0 (22.7008,11.7096) (21.7177,11.0024) (22.8803,7.6273)
61.0 (22.8796,11.6743) (21.9366,11.0967) (23.1066,7.7024)
62.0 (23.0782,11.6601) (22.1552,11.1913) (23.3320,7.7782)
63.0 (23.2977,11.7139) (22.3715,11.2864) (23.5564,7.8547)
64.0 (23.5098,11.8042) (22.5872,11.3816) (23.7796,7.9321)
65.0 (23.7236,11.8392) (22.7980,11.4805) (24.0018,8.0101)
66.0 (23.9272,11.8115) (23.0075,11.5783) (24.2229,8.0890)
67.0 (24.1392,11.8239) (23.2166,11.6738) (24.4428,8.1686)
68.0 (24.3913,11.8767) (23.4317,11.6907) (24.6615,8.2490)
69.0 (24.6010,11.9816) (23.6446,11.7087) (24.8790,8.3302)
70.0 (24.8053,12.0926) (23.8496,11.7150) (25.0952,8.4123)
71.0 (25.0052,12.2082) (24.0344,11.6851) (25.3101,8.4953)
72.0 (25.2090,12.3188) (24.2305,11.6717) (25.5234,8.5794)
73.0 (25.4098,12.4333) (24.4369,11.7772) (25.7352,8.6646)
74.0 (25.6091,12.5492) (24.6419,11.8879) (25.9453,8.7510)
75.0 (25.8067,12.6664) (24.8439,12.0029) (26.1536,8.8386)
76.0 (26.0027,12.7849) (25.0428,12.1210) (26.3601,8.9274)
77.0 (26.1972,12.9046) (25.2468,12.2308) (26.5650,9.0174)
78.0 (26.3899,13.0257) (25.4497,12.3415) (26.7681,9.1089)
79.0 (26.5809,13.1482) (25.6514,12.4531) (26.9693,9.2018)
80.0 (26.7701,13.2721) (25.8516,12.5656) (27.1686,9.2961)
81.0 (26.9576,13.3974) (26.0504,12.6791) (27.3660,9.3917)
82.0 (27.1432,13.5240) (26.2162,12.8410) (27.5685,9.4981)
83.0 (27.3274,13.6513) (26.4121,12.9567) (27.7620,9.5966)
84.0 (27.5097,13.7800) (26.6064,13.0735) (27.9534,9.6965)
85.0 (27.6900,13.9102) (26.7990,13.1914) (28.1423,9.7977)
86.0 (27.8681,14.0419) (26.9897,13.3104) (28.3287,9.9004)
87.0 (28.0440,14.1752) (27.1785,13.4307) (28.5125,10.0045)
88.0 (28.2174,14.3099) (27.3655,13.5521) (28.6936,10.1101)
89.0 (28.3882,14.4461) (27.5506,13.6745) (28.8722,10.2173)
90.0 (28.5565,14.5839) (27.7338,13.7980) (29.0480,10.3258)
91.0 (28.7221,14.7231) (27.9150,13.9226) (29.2212,10.4359)
92.0 (28.8850,14.8639) (28.0942,14.0484) (29.3915,10.5474)
93.0 (29.0452,15.0062) (28.2712,14.1754) (29.5591,10.6604)
94.0 (29.2026,15.1501) (28.4460,14.3037) (29.7237,10.7749)
95.0 (29.3571,15.2956) (28.6185,14.4333) (29.8854,10.8910)
96.0 (29.5085,15.4426) (28.7884,14.5640) (30.0440,11.0087)
97.0 (29.6567,15.5913) (28.9555,14.6960) (30.1996,11.1279)
98.0 (29.8017,15.7416) (29.1198,14.8291) (30.3521,11.2487)
99.0 (29.9434,15.8935) (29.2810,14.9635) (30.5015,11.3709)
100.0 (30.0817,16.0471) (29.4393,15.0990) (30.6477,11.4947)
101.0 (30.2166,16.2023) (29.5944,15.2358) (30.7908,11.6200)
102.0 (30.3479,16.3592) (29.7463,15.3738) (30.9307,11.7467)
103.0 (30.4756,16.5178) (29.8947,15.5132) (31.0673,11.8749)
104.0 (30.5996,16.6779) (30.0396,15.6538) (31.2006,12.0046)
105.0 (30.7200,16.8397) (30.1807,15.7957) (31.3306,12.1357)
106.0 (30.8366,17.0031) (30.3180,15.9390) (31.4574,12.2682)
107.0 (30.9489,17.1678) (30.4513,16.0836) (31.5803,12.4021)
108.0 (31.0568,17.3339) (30.5805,16.2297) (31.6992,12.5375)
109.0 (31.1602,17.5013) (30.7055,16.3772) (31.8142,12.6742)
110.0 (31.2592,17.6701) (30.8261,16.5262) (31.9251,12.8122)
111.0 (31.3535,17.8402) (30.9423,16.6766) (32.0315,12.9512)
112.0 (31.4431,18.0116) (31.0535,16.8283) (32.1334,13.0910)
113.0 (31.5281,18.1843) (31.1594,16.9814) (32.2307,13.2315)
114.0 (31.6082,18.3583) (31.2598,17.1357) (32.3237,13.3727)
115.0 (31.6836,18.5335) (31.3546,17.2912) (32.4122,13.5145)
116.0 (31.7542,18.7099) (31.4438,17.4479) (32.4958,13.6568)
117.0 (31.8196,18.8874) (31.5273,17.6057) (32.5747,13.7996)
118.0 (31.8787,19.0656) (31.6050,17.7648) (32.6485,13.9427)
119.0 (31.9316,19.2441) (31.6769,17.9248) (32.7174,14.0863)
120.0 (31.9782,19.4231) (31.7415,18.0850) (32.7813,14.2301)
121.0 (32.0186,19.6024) (31.7988,18.2453) (32.8402,14.3743)
122.0 (32.0527,19.7821) (31.8490,18.4058) (32.8940,14.5185)
123.0 (32.0806,19.9621) (31.8922,18.5664) (32.9427,14.6629)
124.0 (32.1023,20.1424) (31.9284,18.7269) (32.9863,14.8073)
125.0 (32.1180,20.3229) (31.9573,18.8873) (33.0250,14.9518)
126.0 (32.1278,20.5036) (31.9788,19.0474) (33.0583,15.0961)
127.0 (32.1316,20.6844) (31.9928,19.2070) (33.0865,15.2403)
128.0 (32.1295,20.8655) (31.9995,19.3663) (33.1094,15.3842)
129.0 (32.1213,21.0466) (31.9992,19.5253) (33.1271,15.5277)
130.0 (32.1072,21.2277) (31.9919,19.6841) (33.1397,15.6708)
131.0 (32.0873,21.4089) (31.9777,19.8425) (33.1473,15.8136)
132.0 (32.0617,21.5900) (31.9563,20.0003) (33.1500,15.9560)
133.0 (32.0299,21.7709) (31.9279,20.1576) (33.1479,16.0980)
134.0 (31.9919,21.9514) (31.8926,20.3141) (33.1413,16.2397)
135.0 (31.9473,22.1316) (31.8509,20.4696) (33.1304,16.3809)
136.0 (31.8964,22.3110) (31.8030,20.6240) (33.1153,16.5216)
137.0 (31.8391,22.4892) (31.7493,20.7774) (33.0964,16.6618)
138.0 (31.7753,22.6661) (31.6898,20.9294) (33.0736,16.8016)
139.0 (31.7048,22.8414) (31.6245,21.0797) (33.0469,16.9408)
140.0 (31.6275,23.0152) (31.5532,21.2283) (33.0163,17.0795)
141.0 (31.5433,23.1873) (31.4760,21.3749) (32.9820,17.2176)
142.0 (31.4523,23.3575) (31.3935,21.5186) (32.9438,17.3549)
143.0 (31.3553,23.5249) (31.3169,21.6477) (32.9020,17.4913)
144.0 (31.2640,23.6773) (31.2437,21.7623) (32.8566,17.6268)
145.0 (31.1790,23.8135) (31.1747,21.8638) (32.8075,17.7612)
146.0 (31.1002,23.9342) (31.1110,21.9519) (32.7548,17.8947)
147.0 (31.0274,24.0367) (31.0533,22.0262) (32.6985,18.0271)
148.0 (30.9625,24.1211) (31.0005,22.0860) (32.6386,18.1585)
149.0 (30.9049,24.1878) (30.9525,22.1328) (32.5751,18.2888)
150.0 (30.8554,24.2374) (30.9098,22.1694) (32.5080,18.4180)
151.0 (30.8141,24.2738) (30.8724,22.1975) (32.4373,18.5460)
152.0 (30.7801,24.3008) (30.8413,22.2183) (32.3635,18.6726)
153.0 (30.7529,24.3207) (30.8156,22.2334) (32.2864,18.7976)
154.0 (30.7320,24.3353) (30.7949,22.2442) (32.2059,18.9208)
155.0 (30.7159,24.3458) (30.7787,22.2520) (32.1218,19.0420)
156.0 (30.7039,24.3532) (30.7660,22.2574) (32.0342,19.1610)
157.0 (30.6949,24.3583) (30.7562,22.2613) (31.9430,19.2780)
158.0 (30.6882,24.3619) (30.7487,22.2639) (31.8484,19.3928)
159.0 (30.6832,24.3644) (30.7430,22.2658) (31.7503,19.5052)
160.0 (30.6795,24.3662) (30.7269,22.3061) (31.6109,19.6274)
161.0 (30.6768,24.3670) (30.7145,22.3337) (31.4776,19.7433)
162.0 (30.6748,24.3673) (30.7051,22.3524) (31.3589,19.8468)
163.0 (30.6735,24.3673) (30.6982,22.3649) (31.2553,19.9372)
164.0 (30.6725,24.3672) (30.6933,22.3730) (31.1652,20.0138)
165.0 (30.6718,24.3670) (30.6898,22.3782) (31.0879,20.0767)
166.0 (30.6714,24.3668) (30.6875,22.3814) (31.0222,20.1264)
167.0 (30.6711,24.3667) (30.6860,22.3832) (30.9652,20.1651)
168.0 (30.6708,24.3665) (30.6850,22.3842) (30.9163,20.1947)
169.0 (30.6707,24.3664) (30.6843,22.3846) (30.8750,20.2167)
170.0 (30.6706,24.3663) (30.6839,22.3847) (30.8415,20.2326)
171.0 (30.6706,24.3663) (30.6837,22.3845) (30.8145,20.2440)
172.0 (30.6705,24.3662) (30.6835,22.3843) (30.7933,20.2521)
173.0 (30.6705,24.3662) (30.6835,22.3841) (30.7769,20.2579)
174.0 (30.6705,24.3662) (30.6835,22.3838) (30.7643,20.2618)
175.0 (30.6705,24.3662) (30.6835,22.3836) (30.7546,20.2645)
176.0 (30.6705,24.3662) (30.6836,22.3834) (30.7473,20.2664)
177.0 (30.6705,24.3662) (30.6837,22.3832) (30.7418,20.2676)
178.0 (30.6704,24.3662) (30.6837,22.3831) (30.7376,20.2684)
179.0 (30.6704,24.3662) (30.6838,22.3830) (30.7344,20.2690)
180.0 (30.6704,24.3662) (30.6838,22.3829) (30.7320,20.2694)
181.0 (30.6704,24.3662) (30.6839,22.3828) (30.7302,20.2696)
182.0 (30.6704,24.3662) (30.6839,22.3828) (30.7289,20.2698)
183.0 (30.6704,24.3662) (30.6839,22.3827) (30.7279,20.2699)
184.0 (30.6704,24.3662) (30.6840,22.3827) (30.7272,20.2700)
185.0 (30.6704,24.3662) (30.6840,22.3827) (30.7266,20.2700)
186.0 (30.6704,24.3662) (30.6840,22.3827) (30.7262,20.2701)
187.0 (30.6704,24.3662) (30.6840,22.3827) (30.7259,20.2701)
188.0 (30.6704,24.3662) (30.6840,22.3826) (30.7257,20.2701)
189.0 (30.6704,24.3662) (30.6840,22.3826) (30.7256,20.2702)
190.0 (30.6704,24.3662) (30.6840,22.3826) (30.7254,20.2702)
191.0 (30.6704,24.3662) (30.6840,22.3826) (30.7253,20.2702)
192.0 (30.6704,24.3662) (30.6841,22.3826) (30.7253,20.2702)
193.0 (30.6704,24.3662) (30.6841,22.3826) (30.7252,20.2702)
194.0 (30.6704,24.3662) (30.6841,22.3826) (30.7252,20.2702)
195.0 (30.6704,24.3662) (30.6841,22.3826) (30.7252,20.2702)
196.0 (30.6704,24.3662) (30.6841,22.3826) (30.7251,20.2702)
197.0 (30.6704,24.3662) (30.6841,22.3826) (30.7251,20.2702)
