0.0 (0.8000,7.7000,5.0000) (3.0000,6.7000,5.0000) (5.3000,5.7000,5.0000)
1.0 (1.2302,7.9549,5.0000) (3.4141,6.9802,5.0000) (5.6934,6.0086,5.0000)
2.0 (1.6603,8.2097,5.0000) (3.8282,7.2604,5.0000) (6.0868,6.3172,5.0000)
3.0 (2.0905,8.4646,5.0000) (4.2424,7.5406,5.0000) (6.4802,6.6258,5.0000)
4.0 (2.5207,8.7194,5.0000) (4.6564,7.8208,5.0000) (6.8736,6.9344,5.0000)
5.0 (2.9509,8.9743,5.0000) (5.0705,8.1010,5.0000) (7.2670,7.2430,5.0000)
6.0 (3.3810,9.2292,5.0000) (5.4847,8.3812,5.0000) (7.6604,7.5516,5.0000)
7.0 (3.8112,9.4840,5.0000) (5.8988,8.6614,5.0000) (8.0538,7.8603,5.0000)
8.0 (4.2414,9.7389,5.0000) (6.3129,8.9416,5.0000) (8.4472,8.1689,5.0000)
9.0 (4.6715,9.9937,5.0000) (6.7270,9.2218,5.0000) (8.8406,8.4775,5.0000)
10.0 (5.1017,10.2486,5.0000) (7.1411,9.5021,5.0000) (9.2339,8.7861,5.0000)
11.0 (5.5319,10.5035,5.0000) (7.5552,9.7823,5.0000) (9.6273,9.0948,5.0000)
12.0 (5.9620,10.7583,5.0000) (7.9693,10.0625,5.0000) (10.0207,9.4034,5.0000)
13.0 (6.3922,11.0132,5.0000) (8.3834,10.3427,5.0000) (10.4141,9.7120,5.0000)
14.0 (6.8224,11.2680,5.0000) (8.7975,10.6229,5.0000) (10.8075,10.0206,5.0000)
15.0 (7.2526,11.5229,5.0000) (9.2116,10.9031,5.0000) (11.2009,10.3292,5.0000)
16.0 (7.6827,11.7777,5.0000) (9.6257,11.1833,5.0000) (11.5942,10.6379,5.0000)
17.0 (8.1129,12.0326,5.0000) (10.0398,11.4635,5.0000) (11.9876,10.9465,5.0000)
18.0 (8.5431,12.2875,5.0000) (10.4539,11.7437,5.0000) (12.3810,11.2551,5.0000)
19.0 (8.9732,12.5424,5.0000) (10.8680,12.0240,5.0000) (12.7744,11.5638,5.0000)
20.0 (9.4034,12.7973,5.0000) (11.2821,12.3042,5.0000) (13.1678,11.8724,5.0000)
21.0 (9.8335,13.0521,5.0000) (11.6962,12.5844,5.0000) (13.5611,12.1810,5.0000)
22.0 (10.2637,13.3070,5.0000) (12.1103,12.8646,5.0000) (13.9545,12.4896,5.0000)
23.0 (10.6939,13.5619,5.0000) (12.5244,13.1448,5.0000) (14.3479,12.7982,5.0000)
24.0 (11.1240,13.8167,5.0000) (12.9385,13.4251,5.0000) (14.7413,13.1068,5.0000)
25.0 (11.5542,14.0716,5.0000) (13.3526,13.7053,5.0000) (15.1347,13.4154,5.0000)
26.0 (11.9844,14.3265,5.0000) (13.7667,13.9855,5.0000) (15.5281,13.7241,5.0000)
27.0 (12.4146,14.5813,5.0000) (14.1808,14.2657,5.0000) (15.9215,14.0327,5.0000)
28.0 (12.8597,14.8090,5.0000) (14.5949,14.5459,5.0000) (16.3149,14.3413,5.0000)
29.0 (13.3505,14.9045,5.0000) (15.0404,14.7729,5.0000) (16.7083,14.6499,5.0000)
30.0 (13.8482,14.9522,5.0000) (15.5035,14.9615,5.0000) (17.1017,14.9585,5.0000)
31.0 (14.3476,14.9761,5.0000) (15.9665,15.1501,5.0000) (17.4951,15.2671,5.0000)
32.0 (14.8475,14.9881,5.0000) (16.3770,15.4357,5.0000) (17.8885,15.5758,5.0000)
33.0 (15.3474,14.9971,5.0000) (16.7874,15.7212,5.0000) (18.2819,15.8844,5.0000)
34.0 (15.8473,15.0062,5.0000) (17.1979,16.0067,5.0000) (18.6753,16.1930,5.0000)
35.0 (16.2558,15.2946,5.0000) (17.6083,16.2922,5.0000) (19.0686,16.5016,5.0000)
36.0 (16.6642,15.5831,5.0000) (18.0188,16.5778,5.0000) (19.4620,16.8102,5.0000)
37.0 (17.0726,15.8715,5.0000) (18.4293,16.8633,5.0000) (19.8554,17.1189,5.0000)
38.0 (17.4811,16.1599,5.0000) (18.8397,17.1488,5.0000) (20.2488,17.4275,5.0000)
39.0 (17.8895,16.4483,5.0000) (19.2502,17.4344,5.0000) (20.6422,17.7361,5.0000)
40.0 (18.2979,16.7367,5.0000) (19.6606,17.7199,5.0000) (21.0356,18.0447,5.0000)
41.0 (18.7064,17.0251,5.0000) (20.0710,18.0055,5.0000) (21.4290,18.3533,5.0000)
42.0 (19.1148,17.3135,5.0000) (20.4815,18.2910,5.0000) (21.8224,18.6619,5.0000)
43.0 (19.5233,17.6019,5.0000) (20.8919,18.5766,5.0000) (22.2157,18.9706,5.0000)
44.0 (19.9317,17.8903,5.0000) (21.3024,18.8621,5.0000) (22.6091,19.2792,5.0000)
45.0 (20.3401,18.1787,5.0000) (21.7128,19.1476,5.0000) (23.0025,19.5878,5.0000)
46.0 (20.7486,18.4671,5.0000) (22.1233,19.4332,5.0000) (23.3959,19.8964,5.0000)
47.0 (21.1570,18.7555,5.0000) (22.5337,19.7187,5.0000) (23.7893,20.2050,5.0000)
48.0 (21.5654,19.0440,5.0000) (22.9442,20.0043,5.0000) (24.1827,20.5136,5.0000)
49.0 (21.9739,19.3324,5.0000) (23.3546,20.2898,5.0000) (24.5761,20.8223,5.0000)
50.0 (22.3823,19.6208,5.0000) (23.7650,20.5754,5.0000) (24.9695,21.1309,5.0000)
51.0 (22.7907,19.9092,5.0000) (24.1755,20.8609,5.0000) (25.3629,21.4395,5.0000)
52.0 (23.1992,20.1976,5.0000) (24.5859,21.1465,5.0000) (25.7562,21.7481,5.0000)
53.0 (23.6076,20.4860,5.0000) (24.9964,21.4320,5.0000) (26.1496,22.0567,5.0000)
54.0 (24.0160,20.7745,5.0000) (25.4068,21.7175,5.0000) (26.5430,22.3654,5.0000)
55.0 (24.4244,21.0629,5.0000) (25.8173,22.0031,5.0000) (26.9364,22.6740,5.0000)
56.0 (24.8329,21.3513,5.0000) (26.2277,22.2886,5.0000) (27.3298,22.9826,5.0000)
57.0 (25.2413,21.6397,5.0000) (26.6382,22.5741,5.0000) (27.7232,23.2912,5.0000)
58.0 (25.6497,21.9281,5.0000) (27.0487,22.8596,5.0000) (28.1166,23.5999,5.0000)
59.0 (26.0582,22.2166,5.0000) (27.4591,23.1452,5.0000) (28.5099,23.9085,5.0000)
60.0 (26.4666,22.5049,5.0000) (27.8696,23.4307,5.0000) (28.9033,24.2171,5.0000)
61.0 (26.8751,22.7934,5.0000) (28.2800,23.7163,5.0000) (29.2967,24.5257,5.0000)
62.0 (27.2835,23.0817,5.0000) (28.6904,24.0018,5.0000) (29.6901,24.8343,5.0000)
63.0 (27.6919,23.3701,5.0000) (29.1009,24.2873,5.0000) (30.0835,25.1429,5.0000)
64.0 (28.1004,23.6586,5.0000) (29.5113,24.5729,5.0000) (30.4769,25.4515,5.0000)
65.0 (28.5088,23.9470,5.0000) (29.9218,24.8584,5.0000) (30.8703,25.7601,5.0000)
66.0 (28.9172,24.2354,5.0000) (30.3322,25.1440,5.0000) (31.2637,26.0687,5.0000)
67.0 (29.3257,24.5238,5.0000) (30.7427,25.4295,5.0000) (31.6571,26.3774,5.0000)
68.0 (29.7341,24.8122,5.0000) (31.1531,25.7151,5.0000) (32.0505,26.6860,5.0000)
69.0 (30.0000,25.0000,5.0000) (31.5635,26.0006,5.0000) (32.4439,26.9946,5.0000)
70.0 (30.0000,25.0000,5.0000) (31.9740,26.2862,5.0000) (32.8372,27.3033,5.0000)
71.0 (30.0000,25.0000,5.0000) (32.3844,26.5717,5.0000) (33.2306,27.6119,5.0000)
72.0 (30.0000,24.9999,5.0000) (32.7949,26.8572,5.0000) (33.6240,27.9205,5.0000)
73.0 (30.0000,25.0000,5.0000) (33.0000,27.0001,5.0000) (34.0174,28.2291,5.0000)
74.0 (29.9999,25.0001,5.0000) (33.0000,27.0000,5.0000) (34.4108,28.5377,5.0000)
75.0 (29.9999,25.0001,5.0000) (33.0000,27.0000,5.0000) (34.4108,28.5377,5.0000)
76.0 (29.9999,25.0001,5.0000) (33.0000,27.0000,5.0000) (34.4108,28.5377,5.0000)
77.0 (29.9999,25.0001,5.0000) (33.0000,27.0000,5.0000) (34.4108,28.5377,5.0000)
78.0 (29.9999,25.0001,5.0000) (33.0000,27.0000,5.0000) (34.4108,28.5377,5.0000)
79.0 (29.9999,25.0001,5.0000) (33.0000,27.0000,5.0000) (34.4108,28.5377,5.0000)
