0.0 (5.0000,5.7000,5.0000) (6.5000,4.7000,5.0000) (30.2000,21.0000,5.0000)
1.0 (5.8326,6.2538,5.0000) (7.3111,5.2849,5.0000) (29.4571,20.3307,5.0000)
2.0 (6.6652,6.8077,5.0000) (8.1222,5.8699,5.0000) (28.7142,19.6613,5.0000)
3.0 (7.4978,7.3616,5.0000) (8.9333,6.4549,5.0000) (27.9713,18.9919,5.0000)
4.0 (8.3304,7.9154,5.0000) (9.7443,7.0399,5.0000) (27.2284,18.3225,5.0000)
5.0 (9.1631,8.4693,5.0000) (10.5554,7.6248,5.0000) (26.4854,17.6532,5.0000)
6.0 (9.9957,9.0232,5.0000) (11.3664,8.2098,5.0000) (25.7426,16.9839,5.0000)
7.0 (10.8283,9.5770,5.0000) (12.1775,8.7947,5.0000) (24.9364,16.5247,5.0000)
8.0 (11.6609,10.1308,5.0000) (12.9885,9.3797,5.0000) (24.0747,16.1078,5.0000)
9.0 (12.4935,10.6847,5.0000) (13.7996,9.9647,5.0000) (23.3493,15.4194,5.0000)
10.0 (13.3262,11.2385,5.0000) (14.6106,10.5496,5.0000) (22.6239,14.7310,5.0000)
11.0 (14.1588,11.7924,5.0000) (15.4217,11.1346,5.0000) (21.8986,14.0427,5.0000)
12.0 (14.9914,12.3462,5.0000) (16.2328,11.7195,5.0000) (21.1732,13.3544,5.0000)
13.0 (15.8240,12.9002,5.0000) (17.0438,12.3045,5.0000) (20.4479,12.6660,5.0000)
14.0 (16.6566,13.4540,5.0000) (17.8549,12.8895,5.0000) (19.7225,11.9776,5.0000)
15.0 (17.4893,14.0079,5.0000) (18.6660,13.4745,5.0000) (18.9972,11.2892,5.0000)
16.0 (18.3219,14.5618,5.0000) (19.4770,14.0595,5.0000) (18.2718,10.6008,5.0000)
17.0 (19.1545,15.1157,5.0000) (20.2880,14.6446,5.0000) (17.5465,9.9125,5.0000)
18.0 (19.9871,15.6695,5.0000) (21.0992,15.2295,5.0000) (16.8212,9.2241,5.0000)
19.0 (20.8197,16.2234,5.0000) (21.9102,15.8145,5.0000) (16.0958,8.5357,5.0000)
20.0 (21.6523,16.4749,5.0000) (22.7213,16.3994,5.0000) (15.3704,7.8474,5.0000)
21.0 (22.5026,16.5334,5.0000) (23.5323,16.9843,5.0000) (14.6450,7.1590,5.0000)
22.0 (23.2787,17.1640,5.0000) (24.3434,17.5693,5.0000) (13.9197,6.4706,5.0000)
23.0 (24.0548,17.7946,5.0000) (25.1544,18.1542,5.0000) (13.1943,5.7823,5.0000)
24.0 (24.8309,18.4252,5.0000) (25.9655,18.7392,5.0000) (12.4689,5.0940,5.0000)
25.0 (25.6070,19.0559,5.0000) (26.7766,19.3241,5.0000) (11.7434,4.4056,5.0000)
26.0 (26.3832,19.6865,5.0000) (27.5876,19.9092,5.0000) (11.0181,3.7172,5.0000)
27.0 (27.1593,20.3170,5.0000) (28.3986,20.4942,5.0000) (10.9999,3.6999,5.0000)
28.0 (27.9355,20.9475,5.0000) (29.1001,21.0000,5.0000) (11.0000,3.6999,5.0000)
29.0 (27.9355,20.9475,5.0000) (29.1001,21.0000,5.0000) (11.0000,3.6999,5.0000)
30.0 (27.9355,20.9475,5.0000) (29.1001,21.0000,5.0000) (11.0000,3.6999,5.0000)
31.0 (27.9355,20.9475,5.0000) (29.1001,21.0000,5.0000) (11.0000,3.6999,5.0000)
32.0 (27.9355,20.9475,5.0000) (29.1001,21.0000,5.0000) (11.0000,3.6999,5.0000)
33.0 (27.9355,20.9475,5.0000) (29.1001,21.0000,5.0000) (11.0000,3.6999,5.0000)
34.0 (27.9355,20.9475,5.0000) (29.1001,21.0000,5.0000) (11.0000,3.6999,5.0000)
35.0 (27.9355,20.9475,5.0000) (29.1001,21.0000,5.0000) (11.0000,3.6999,5.0000)
36.0 (27.9355,20.9475,5.0000) (29.1001,21.0000,5.0000) (11.0000,3.6999,5.0000)
37.0 (27.9355,20.9475,5.0000) (29.1001,21.0000,5.0000) (11.0000,3.6999,5.0000)
38.0 (27.9355,20.9475,5.0000) (29.1001,21.0000,5.0000) (11.0000,3.6999,5.0000)
39.0 (27.9355,20.9475,5.0000) (29.1001,21.0000,5.0000) (11.0000,3.6999,5.0000)
