0.0 (1.2302,7.9549) (3.4141,6.9802) (5.6934,6.0086)
1.0 (1.6604,8.2097) (3.8282,7.2604) (6.0868,6.3172)
2.0 (2.0905,8.4646) (4.2423,7.5407) (6.4802,6.6259)
3.0 (2.5207,8.7194) (4.6564,7.8209) (6.8736,6.9345)
4.0 (2.9508,8.9743) (5.0705,8.1011) (7.2669,7.2431)
5.0 (3.3810,9.2292) (5.4846,8.3813) (7.6603,7.5517)
6.0 (3.8112,9.4840) (5.8987,8.6615) (8.0537,7.8603)
7.0 (4.2414,9.7389) (6.3128,8.9417) (8.4471,8.1690)
8.0 (4.6715,9.9938) (6.7269,9.2220) (8.8405,8.4776)
9.0 (5.1017,10.2486) (7.1410,9.5021) (9.2339,8.7862)
10.0 (5.5319,10.5035) (7.5551,9.7823) (9.6273,9.0948)
11.0 (5.6498,10.9894) (8.0550,9.7922) (10.0207,9.4034)
12.0 (6.0832,11.2387) (8.4666,10.0761) (10.4141,9.7120)
13.0 (6.5166,11.4881) (8.8782,10.3600) (10.8075,10.0206)
14.0 (6.9500,11.7374) (9.2898,10.6440) (11.2009,10.3292)
15.0 (7.3834,11.9867) (9.7013,10.9279) (11.5942,10.6379)
16.0 (7.8167,12.2361) (10.1129,11.2118) (11.9876,10.9465)
17.0 (8.2501,12.4855) (10.5245,11.4957) (12.3810,11.2551)
18.0 (8.6835,12.7348) (10.9361,11.7796) (12.7744,11.5637)
19.0 (9.1169,12.9842) (11.3476,12.0635) (13.1678,11.8723)
20.0 (9.5503,13.2335) (11.7592,12.3474) (13.5612,12.1809)
21.0 (9.9837,13.4829) (12.1708,12.6314) (13.9546,12.4896)
22.0 (10.4171,13.7322) (12.5823,12.9153) (14.3480,12.7982)
23.0 (10.8504,13.9816) (12.9939,13.1992) (14.7414,13.1068)
24.0 (11.2838,14.2309) (13.4055,13.4832) (15.1348,13.4154)
25.0 (11.7172,14.4803) (13.8170,13.7671) (15.5282,13.7240)
26.0 (12.1506,14.7296) (14.2286,14.0510) (15.9216,14.0326)
27.0 (12.5840,14.9790) (14.6402,14.3349) (16.3149,14.3413)
28.0 (12.7940,15.1811) (14.9655,14.7146) (16.7083,14.6499)
29.0 (12.8970,15.6704) (15.4222,14.9180) (17.1017,14.9585)
30.0 (12.9485,16.1493) (15.8790,15.1214) (17.4951,15.2672)
31.0 (12.9743,16.6100) (16.2898,15.4065) (17.8884,15.5758)
32.0 (12.9877,17.0773) (16.7006,15.6915) (18.2818,15.8844)
33.0 (13.0005,17.5251) (17.1114,15.9765) (18.6752,16.1930)
34.0 (13.0339,17.9909) (17.5222,16.2615) (19.0686,16.5016)
35.0 (13.4905,18.1947) (17.9330,16.5466) (19.4620,16.8102)
36.0 (13.7453,18.5758) (18.3438,16.8316) (19.8554,17.1188)
37.0 (13.8726,18.9434) (18.7546,17.1166) (20.2488,17.4274)
38.0 (13.9751,19.4328) (19.1654,17.4016) (20.6422,17.7361)
39.0 (14.0775,19.9222) (19.5762,17.6867) (21.0356,18.0447)
40.0 (14.5119,20.1697) (19.9870,17.9717) (21.4290,18.3533)
41.0 (14.7560,20.4674) (20.3979,18.2566) (21.8223,18.6619)
42.0 (14.8780,20.7524) (20.8087,18.5417) (22.2157,18.9706)
43.0 (14.9390,21.0228) (21.2195,18.8267) (22.6091,19.2792)
44.0 (14.9831,21.3891) (21.6303,19.1117) (23.0025,19.5878)
45.0 (15.0246,21.7348) (22.0411,19.3967) (23.3959,19.8964)
46.0 (15.3826,22.0839) (22.4519,19.6817) (23.7893,20.2050)
47.0 (15.6913,22.3710) (22.8627,19.9667) (24.1827,20.5137)
48.0 (15.8457,22.5518) (23.2736,20.2517) (24.5761,20.8223)
49.0 (15.9228,22.7222) (23.6844,20.5367) (24.9695,21.1309)
50.0 (15.9614,22.8819) (24.0952,20.8218) (25.3629,21.4395)
51.0 (15.9807,23.0311) (24.5060,21.1068) (25.7563,21.7481)
52.0 (15.9904,23.1701) (24.9168,21.3918) (26.1496,22.0567)
53.0 (15.9952,23.2997) (25.3276,21.6768) (26.5430,22.3654)
54.0 (15.9985,23.4434) (25.7384,21.9618) (26.9364,22.6740)
55.0 (16.0017,23.5772) (26.1493,22.2468) (27.3298,22.9826)
56.0 (16.1069,23.9378) (26.5600,22.5319) (27.7232,23.2912)
57.0 (16.5339,24.0906) (26.9708,22.8169) (28.1166,23.5998)
58.0 (16.7670,24.1580) (27.3816,23.1020) (28.5100,23.9085)
59.0 (16.8835,24.2215) (27.7924,23.3870) (28.9033,24.2171)
60.0 (16.9417,24.2807) (28.2032,23.6720) (29.2967,24.5257)
61.0 (16.9709,24.3358) (28.6140,23.9570) (29.6901,24.8343)
62.0 (16.9854,24.3867) (29.0249,24.2420) (30.0835,25.1429)
63.0 (16.9927,24.4337) (29.4357,24.5270) (30.4769,25.4515)
64.0 (16.9964,24.4772) (29.8465,24.8121) (30.8703,25.7601)
65.0 (16.9982,24.5173) (30.2573,25.0971) (31.2637,26.0687)
66.0 (16.9991,24.5545) (30.6681,25.3821) (31.6571,26.3773)
67.0 (16.9995,24.5888) (31.0789,25.6671) (32.0505,26.6860)
68.0 (16.9998,24.6204) (31.4897,25.9522) (32.4439,26.9946)
69.0 (16.9999,24.6495) (31.9005,26.2372) (32.8373,27.3032)
70.0 (16.9999,24.6764) (32.3113,26.5222) (33.2306,27.6119)
71.0 (17.0000,24.7013) (32.7222,26.8072) (33.6240,27.9205)
72.0 (17.0000,24.7243) (32.9999,27.0000) (34.0174,28.2291)
73.0 (17.0000,24.7455) (33.0000,27.0000) (34.4108,28.5377)
74.0 (17.0000,24.7651) (33.0000,27.0000) (34.8042,28.8464)
75.0 (17.0000,24.7832) (33.0000,27.0000) (35.0000,29.0000)
76.0 (17.0000,24.7999) (33.0000,27.0000) (35.0000,29.0000)
77.0 (17.0000,24.8153) (33.0001,27.0000) (34.9999,29.0000)
78.0 (17.0000,24.8295) (33.4952,27.0695) (35.0001,29.0000)
79.0 (17.0000,24.8426) (33.0680,27.3293) (35.0000,29.0001)
