0.0 (9.9345,6.5853) (9.0225,4.7935) (8.7357,3.3610)
1.0 (10.1688,6.6709) (9.2446,4.8878) (8.9714,3.4224)
2.0 (10.4030,6.7568) (9.4664,4.9826) (9.2070,3.4842)
3.0 (10.6370,6.8431) (9.6877,5.0782) (9.4423,3.5463)
4.0 (10.8707,6.9297) (9.9086,5.1745) (9.6776,3.6089)
5.0 (11.1043,7.0167) (10.1291,5.2713) (9.9127,3.6720)
6.0 (11.3377,7.1041) (10.3492,5.3689) (10.1476,3.7354)
7.0 (11.5708,7.1918) (10.5689,5.4671) (10.3824,3.7992)
8.0 (11.8038,7.2799) (10.7882,5.5662) (10.6170,3.8634)
9.0 (12.0365,7.3685) (11.0071,5.6660) (10.8515,3.9280)
10.0 (12.2689,7.4574) (11.2256,5.7666) (11.0858,3.9931)
11.0 (12.5010,7.5469) (11.4436,5.8681) (11.3200,4.0586)
12.0 (12.7327,7.6368) (11.6612,5.9705) (11.5540,4.1246)
13.0 (12.9641,7.7273) (11.8783,6.0737) (11.7878,4.1910)
14.0 (13.1951,7.8181) (12.0949,6.1779) (12.0214,4.2580)
15.0 (13.4259,7.9094) (12.3111,6.2830) (12.2548,4.3256)
16.0 (13.6564,8.0011) (12.5268,6.3889) (12.4880,4.3938)
17.0 (13.8866,8.0933) (12.7420,6.4957) (12.7209,4.4626)
18.0 (14.1164,8.1859) (12.9568,6.6034) (12.9536,4.5321)
19.0 (14.3460,8.2789) (13.1711,6.7119) (13.1860,4.6022)
20.0 (14.5753,8.3724) (13.3849,6.8214) (13.4181,4.6729)
21.0 (14.8042,8.4663) (13.5982,6.9318) (13.6500,4.7441)
22.0 (15.0328,8.5606) (13.8111,7.0431) (13.8817,4.8160)
23.0 (15.2612,8.6554) (14.0235,7.1554) (14.1130,4.8885)
24.0 (15.4892,8.7506) (14.2353,7.2687) (14.3441,4.9616)
25.0 (15.7168,8.8461) (14.4466,7.3829) (14.5750,5.0353)
26.0 (15.9442,8.9421) (14.6574,7.4982) (14.8056,5.1097)
27.0 (16.1713,9.0384) (14.8677,7.6146) (15.0359,5.1845)
28.0 (16.3980,9.1351) (15.0774,7.7320) (15.2660,5.2600)
29.0 (16.6244,9.2321) (15.2866,7.8504) (15.4958,5.3361)
30.0 (16.8505,9.3295) (15.4953,7.9699) (15.7254,5.4128)
31.0 (17.0762,9.4273) (15.7035,8.0905) (15.9547,5.4901)
32.0 (17.3016,9.5254) (15.9111,8.2121) (16.1839,5.5680)
33.0 (17.5266,9.6238) (16.1182,8.3349) (16.4128,5.6465)
34.0 (17.7513,9.7225) (16.3248,8.4587) (16.6413,5.7256)
35.0 (17.9757,9.8215) (16.5308,8.5836) (16.8696,5.8054)
36.0 (18.1997,9.9207) (16.7363,8.7095) (17.0976,5.8858)
37.0 (18.4234,10.0201) (16.9413,8.8364) (17.3253,5.9669)
38.0 (18.6506,10.1104) (17.1641,8.9283) (17.5613,6.0305)
39.0 (18.8734,10.2105) (17.3678,9.0573) (17.7881,6.1131)
40.0 (19.0960,10.3107) (17.5710,9.1874) (18.0145,6.1964)
41.0 (19.3183,10.4108) (17.7935,9.2790) (18.2498,6.2611)
42.0 (19.5401,10.5117) (18.0156,9.3711) (18.4848,6.3261)
43.0 (19.7624,10.6108) (18.2192,9.4952) (18.7089,6.4109)
44.0 (19.9832,10.7126) (18.4403,9.5887) (18.9434,6.4766)
45.0 (20.1984,10.8252) (18.6427,9.7117) (19.1673,6.5619)
46.0 (20.4182,10.9283) (18.8629,9.8065) (19.4013,6.6283)
47.0 (20.6374,11.0322) (19.0826,9.9019) (19.6352,6.6951)
48.0 (20.8560,11.1369) (19.3019,9.9978) (19.8688,6.7623)
49.0 (21.0739,11.2425) (19.5208,10.0943) (20.1022,6.8299)
50.0 (21.2911,11.3490) (19.7392,10.1913) (20.3353,6.8978)
51.0 (21.5076,11.4563) (19.9573,10.2887) (20.5682,6.9661)
52.0 (21.7194,11.5641) (20.1749,10.3866) (20.8006,7.0349)
53.0 (21.9296,11.6712) (20.3922,10.4850) (21.0327,7.1042)
54.0 (22.1193,11.6462) (20.6092,10.5838) (21.2642,7.1739)
55.0 (22.3377,11.6717) (20.8257,10.6834) (21.4953,7.2443)
56.0 (22.5202,11.6423) (21.0415,10.7840) (21.7257,7.3152)
57.0 (22.6953,11.6068) (21.2572,10.8851) (21.9557,7.3868)
58.0 (22.8750,11.5747) (21.4729,10.9863) (22.1850,7.4590)
59.0 (23.0820,11.6740) (21.6885,11.0878) (22.4137,7.5318)
60.0 (23.3001,11.7168) (21.9036,11.1899) (22.6417,7.6053)
61.0 (23.5151,11.7946) (22.1152,11.2926) (22.8691,7.6795)
62.0 (23.7280,11.8298) (22.3266,11.3951) (23.0957,7.7544)
63.0 (23.9307,11.8398) (22.5376,11.4978) (23.3213,7.8301)
64.0 (24.1308,11.8102) (22.7546,11.5870) (23.5458,7.9064)
65.0 (24.3613,11.8814) (22.9587,11.6906) (23.7693,7.9836)
66.0 (24.7203,11.9473) (23.1445,11.6653) (23.9918,8.0615)
67.0 (24.9202,12.0625) (23.3555,11.6887) (24.2131,8.1402)
68.0 (25.1165,12.1821) (23.5690,11.7290) (24.4332,8.2197)
69.0 (25.3182,12.2943) (23.7766,11.7545) (24.6521,8.2999)
70.0 (25.5175,12.4095) (23.9768,11.7675) (24.8699,8.3810)
71.0 (25.7142,12.5282) (24.1687,11.7571) (25.0863,8.4629)
72.0 (25.9080,12.6510) (24.3714,11.8691) (25.3014,8.5457)
73.0 (26.1000,12.7751) (24.6656,11.9370) (25.5150,8.6296)
74.0 (26.2900,12.9012) (24.8621,12.0614) (25.7271,8.7146)
75.0 (26.4784,13.0285) (25.0562,12.1885) (25.9374,8.8008)
76.0 (26.6651,13.1569) (25.2547,12.3069) (26.1460,8.8882)
77.0 (26.8500,13.2866) (25.4523,12.4260) (26.3529,8.9769)
78.0 (27.0332,13.4177) (25.6489,12.5458) (26.5580,9.0667)
79.0 (27.2146,13.5503) (25.8446,12.6663) (26.7613,9.1580)
80.0 (27.3940,13.6843) (26.0392,12.7876) (26.9628,9.2506)
81.0 (27.5714,13.8198) (26.2326,12.9097) (27.1623,9.3448)
82.0 (27.7468,13.9569) (26.4245,13.0325) (27.3600,9.4403)
83.0 (27.9068,14.1150) (26.5587,13.2068) (27.5386,9.5643)
84.0 (28.0782,14.2545) (26.7480,13.3318) (27.7326,9.6624)
85.0 (28.2473,14.3954) (26.9357,13.4578) (27.9247,9.7619)
86.0 (28.4138,14.5378) (27.1215,13.5849) (28.1143,9.8627)
87.0 (28.5778,14.6818) (27.3056,13.7129) (28.3013,9.9650)
88.0 (28.7391,14.8273) (27.4880,13.8419) (28.4857,10.0688)
89.0 (28.8976,14.9744) (27.6685,13.9720) (28.6675,10.1741)
90.0 (29.0532,15.1231) (27.8471,14.1030) (28.8467,10.2808)
91.0 (29.2058,15.2733) (28.0238,14.2350) (29.0231,10.3891)
92.0 (29.3555,15.4252) (28.1983,14.3681) (29.1969,10.4988)
93.0 (29.5020,15.5785) (28.3709,14.5022) (29.3678,10.6101)
94.0 (29.6455,15.7335) (28.5413,14.6374) (29.5359,10.7228)
95.0 (29.7858,15.8899) (28.7096,14.7736) (29.7011,10.8370)
96.0 (29.9229,16.0478) (28.8755,14.9108) (29.8633,10.9528)
97.0 (30.0568,16.2073) (29.0388,15.0490) (30.0225,11.0702)
98.0 (30.1874,16.3682) (29.1993,15.1881) (30.1785,11.1892)
99.0 (30.3147,16.5306) (29.3569,15.3283) (30.3315,11.3097)
100.0 (30.4385,16.6945) (29.5113,15.4696) (30.4814,11.4317)
101.0 (30.5587,16.8599) (29.6625,15.6118) (30.6281,11.5553)
102.0 (30.6752,17.0267) (29.8103,15.7551) (30.7715,11.6804)
103.0 (30.7875,17.1948) (29.9546,15.8994) (30.9118,11.8069)
104.0 (30.8956,17.3642) (30.0954,16.0448) (31.0487,11.9350)
105.0 (30.9995,17.5348) (30.2324,16.1913) (31.1824,12.0645)
106.0 (31.0991,17.7066) (30.3655,16.3391) (31.3128,12.1955)
107.0 (31.1944,17.8796) (30.4946,16.4881) (31.4398,12.3278)
108.0 (31.2853,18.0538) (30.6196,16.6383) (31.5630,12.4617)
109.0 (31.3718,18.2291) (30.7401,16.7897) (31.6822,12.5969)
110.0 (31.4538,18.4056) (30.8559,16.9424) (31.7974,12.7336)
111.0 (31.5312,18.5832) (30.9671,17.0962) (31.9085,12.8716)
112.0 (31.6039,18.7619) (31.0730,17.2512) (32.0151,13.0105)
113.0 (31.6719,18.9418) (31.1735,17.4072) (32.1171,13.1502)
114.0 (31.7350,19.1226) (31.2685,17.5643) (32.2146,13.2907)
115.0 (31.7920,19.3040) (31.3577,17.7225) (32.3077,13.4319)
116.0 (31.8427,19.4859) (31.4412,17.8818) (32.3961,13.5737)
117.0 (31.8870,19.6682) (31.5187,18.0422) (32.4798,13.7160)
118.0 (31.9250,19.8509) (31.5902,18.2035) (32.5586,13.8588)
119.0 (31.9565,20.0339) (31.6545,18.3650) (32.6323,14.0020)
120.0 (31.9816,20.2173) (31.7111,18.5266) (32.7011,14.1455)
121.0 (32.0003,20.4010) (31.7604,18.6881) (32.7648,14.2894)
122.0 (32.0125,20.5850) (31.8025,18.8496) (32.8235,14.4335)
123.0 (32.0185,20.7693) (31.8372,19.0108) (32.8770,14.5778)
124.0 (32.0182,20.9538) (31.8641,19.1717) (32.9253,14.7222)
125.0 (32.0117,21.1387) (31.8831,19.3321) (32.9687,14.8666)
126.0 (31.9993,21.3238) (31.8941,19.4920) (33.0069,15.0111)
127.0 (31.9809,21.5091) (31.8975,19.6515) (33.0398,15.1554)
128.0 (31.9564,21.6946) (31.8934,19.8107) (33.0674,15.2995)
129.0 (31.9256,21.8801) (31.8818,19.9696) (33.0898,15.4434)
130.0 (31.8880,22.0654) (31.8626,20.1281) (33.1069,15.5868)
131.0 (31.8435,22.2505) (31.8357,20.2861) (33.1189,15.7300)
132.0 (31.7922,22.4350) (31.8013,20.4432) (33.1258,15.8727)
133.0 (31.7339,22.6184) (31.7600,20.5995) (33.1278,16.0150)
134.0 (31.6685,22.8004) (31.7119,20.7547) (33.1251,16.1570)
135.0 (31.5958,22.9809) (31.6573,20.9089) (33.1178,16.2986)
136.0 (31.5156,23.1596) (31.5964,21.0616) (33.1061,16.4397)
137.0 (31.4277,23.3365) (31.5291,21.2126) (33.0904,16.5803)
138.0 (31.3331,23.5103) (31.4551,21.3619) (33.0708,16.7205)
139.0 (31.2445,23.6685) (31.3758,21.5082) (33.0472,16.8601)
140.0 (31.1618,23.8092) (31.3015,21.6400) (33.0197,16.9992)
141.0 (31.0850,23.9338) (31.2304,21.7570) (32.9884,17.1378)
142.0 (31.0140,24.0392) (31.1628,21.8606) (32.9531,17.2758)
143.0 (30.9506,24.1254) (31.1005,21.9505) (32.9142,17.4129)
144.0 (30.8947,24.1931) (31.0440,22.0262) (32.8715,17.5491)
145.0 (30.8467,24.2429) (30.9922,22.0870) (32.8252,17.6843)
146.0 (30.8067,24.2791) (30.9452,22.1344) (32.7752,17.8185)
147.0 (30.7740,24.3056) (30.9034,22.1711) (32.7216,17.9517)
148.0 (30.7480,24.3249) (30.8671,22.1991) (32.6643,18.0838)
149.0 (30.7280,24.3389) (30.8369,22.2196) (32.6034,18.2149)
150.0 (30.7128,24.3487) (30.8120,22.2345) (32.5388,18.3449)
151.0 (30.7015,24.3554) (30.7921,22.2451) (32.4706,18.4738)
152.0 (30.6930,24.3601) (30.7764,22.2526) (32.3990,18.6013)
153.0 (30.6867,24.3633) (30.7642,22.2579) (32.3242,18.7275)
154.0 (30.6820,24.3655) (30.7549,22.2616) (32.2460,18.8519)
155.0 (30.6786,24.3670) (30.7477,22.2642) (32.1643,18.9745)
156.0 (30.6761,24.3680) (30.7422,22.2660) (32.0790,19.0949)
157.0 (30.6742,24.3687) (30.7380,22.2673) (31.9902,19.2133)
158.0 (30.6729,24.3691) (30.7348,22.2681) (31.8978,19.3295)
159.0 (30.6719,24.3694) (30.7324,22.2687) (31.8019,19.4434)
160.0 (30.6712,24.3697) (30.7306,22.2691) (31.7024,19.5550)
161.0 (30.6707,24.3698) (30.7185,22.3081) (31.5622,19.6759)
162.0 (30.6703,24.3695) (30.7088,22.3348) (31.4337,19.7866)
163.0 (30.6701,24.3691) (30.7013,22.3529) (31.3202,19.8845)
164.0 (30.6700,24.3686) (30.6957,22.3650) (31.2212,19.9692)
165.0 (30.6699,24.3681) (30.6917,22.3729) (31.1355,20.0404)
166.0 (30.6700,24.3676) (30.6889,22.3779) (31.0626,20.0977)
167.0 (30.6700,24.3673) (30.6870,22.3810) (31.0001,20.1428)
168.0 (30.6701,24.3670) (30.6858,22.3828) (30.9461,20.1777)
169.0 (30.6701,24.3667) (30.6849,22.3838) (30.8999,20.2042)
170.0 (30.6702,24.3666) (30.6843,22.3842) (30.8617,20.2236)
171.0 (30.6702,24.3664) (30.6839,22.3843) (30.8307,20.2376)
172.0 (30.6703,24.3663) (30.6837,22.3842) (30.8060,20.2476)
173.0 (30.6703,24.3663) (30.6836,22.3841) (30.7867,20.2546)
174.0 (30.6703,24.3662) (30.6836,22.3839) (30.7717,20.2596)
175.0 (30.6704,24.3662) (30.6836,22.3837) (30.7603,20.2630)
176.0 (30.6704,24.3662) (30.6836,22.3835) (30.7517,20.2653)
177.0 (30.6704,24.3662) (30.6837,22.3833) (30.7451,20.2669)
178.0 (30.6704,24.3662) (30.6837,22.3832) (30.7401,20.2680)
179.0 (30.6704,24.3662) (30.6838,22.3830) (30.7363,20.2687)
180.0 (30.6704,24.3662) (30.6838,22.3829) (30.7334,20.2692)
181.0 (30.6704,24.3662) (30.6839,22.3829) (30.7313,20.2695)
182.0 (30.6704,24.3662) (30.6839,22.3828) (30.7297,20.2697)
183.0 (30.6704,24.3662) (30.6839,22.3828) (30.7285,20.2698)
184.0 (30.6704,24.3662) (30.6840,22.3827) (30.7276,20.2699)
185.0 (30.6704,24.3662) (30.6840,22.3827) (30.7270,20.2700)
186.0 (30.6704,24.3662) (30.6840,22.3827) (30.7265,20.2701)
187.0 (30.6704,24.3662) (30.6840,22.3827) (30.7261,20.2701)
188.0 (30.6704,24.3662) (30.6840,22.3827) (30.7258,20.2701)
189.0 (30.6704,24.3662) (30.6840,22.3826) (30.7256,20.2701)
190.0 (30.6704,24.3662) (30.6840,22.3826) (30.7255,20.2702)
191.0 (30.6704,24.3662) (30.6840,22.3826) (30.7254,20.2702)
192.0 (30.6704,24.3662) (30.6841,22.3826) (30.7253,20.2702)
193.0 (30.6704,24.3662) (30.6841,22.3826) (30.7253,20.2702)
194.0 (30.6704,24.3662) (30.6841,22.3826) (30.7252,20.2702)
195.0 (30.6704,24.3662) (30.6841,22.3826) (30.7252,20.2702)
196.0 (30.6704,24.3662) (30.6841,22.3826) (30.7252,20.2702)
197.0 (30.6704,24.3662) (30.6841,22.3826) (30.7251,20.2702)
