0.0 (14.2976,8.3674) (15.7019,7.3649) (16.6833,5.8755)
1.0 (14.7951,9.2348) (16.2039,8.2298) (17.1665,6.7510)
2.0 (15.2926,10.1022) (16.7059,9.0947) (17.6498,7.6265)
3.0 (15.3830,10.9850) (17.6138,9.9146) (18.1331,8.5019)
4.0 (15.8922,11.8457) (18.1030,10.7868) (18.6164,9.3774)
5.0 (16.4015,12.7064) (18.5921,11.6590) (19.0996,10.2528)
6.0 (16.9107,13.5670) (19.0813,12.5312) (19.5828,11.1282)
7.0 (17.4199,14.4277) (19.5704,13.4034) (20.0661,12.0037)
8.0 (17.9291,15.2883) (20.0596,14.2755) (20.5494,12.8792)
9.0 (18.4383,16.1489) (20.5488,15.1477) (21.0327,13.7548)
10.0 (18.9475,17.0095) (21.0379,16.0200) (21.5160,14.6303)
11.0 (19.4567,17.8702) (21.5270,16.8921) (21.9993,15.5058)
12.0 (19.9658,18.7308) (22.0161,17.7643) (22.4826,16.3813)
13.0 (20.4750,19.5914) (22.5052,18.6365) (22.9659,17.2568)
14.0 (20.9842,20.4521) (22.9945,19.5087) (23.4491,18.1323)
15.0 (21.4934,21.3127) (23.4836,20.3809) (23.9324,19.0078)
16.0 (21.4994,22.1734) (23.9728,21.2531) (24.4156,19.8832)
17.0 (21.4999,23.0179) (24.6454,21.9478) (24.8989,20.7587)
18.0 (21.5000,23.8438) (25.1155,22.8303) (25.3821,21.6342)
19.0 (21.5000,24.6482) (25.5857,23.7129) (25.8653,22.5096)
20.0 (21.5000,25.4284) (26.0089,24.6947) (26.3485,23.3851)
21.0 (21.5000,26.1810) (26.4884,25.5723) (26.8318,24.2606)
22.0 (21.5000,26.4710) (26.9679,26.4499) (27.3151,25.1360)
23.0 (21.5000,26.4974) (27.4473,27.3275) (27.7983,26.0115)
24.0 (21.5000,26.4998) (27.9268,28.2051) (28.2816,26.8870)
25.0 (21.5000,26.5000) (28.4062,29.0826) (28.7649,27.7624)
26.0 (21.5000,26.5000) (28.8855,29.9602) (29.2481,28.6379)
27.0 (21.5000,26.5000) (29.3650,30.8377) (29.7313,29.5134)
28.0 (21.5000,26.5000) (29.8444,31.7153) (30.0000,30.0000)
29.0 (21.5000,26.5000) (30.0000,32.0000) (30.0000,30.0000)
30.0 (21.5000,26.5000) (30.0000,32.0000) (30.0000,30.0000)
31.0 (21.5000,26.5000) (30.0000,32.0000) (30.0000,30.0000)
32.0 (21.5000,26.5000) (30.3342,31.0575) (30.0000,30.0000)
33.0 (21.5000,26.5000) (30.0000,32.0000) (29.9999,30.0000)
34.0 (21.5000,26.5000) (30.7265,31.3130) (30.0000,30.0000)
35.0 (21.5000,26.5000) (30.0000,32.0000) (30.0000,30.0000)
36.0 (21.5000,26.5000) (30.0000,32.0000) (30.0000,30.0000)
37.0 (21.5000,26.5000) (30.0000,32.0000) (29.9999,30.0000)
38.0 (21.5000,26.5000) (30.0000,32.0000) (30.0000,30.0000)
39.0 (21.5000,26.5000) (30.0000,32.0000) (30.0001,30.0000)
