0.0 (3.5289,6.8888) (5.7160,6.2112) (8.0318,5.1796)
1.0 (3.7575,6.9779) (5.9318,6.3227) (8.2634,5.2596)
2.0 (3.9860,7.0673) (6.1474,6.4346) (8.4947,5.3401)
3.0 (4.2142,7.1569) (6.3629,6.5469) (8.7256,5.4209)
4.0 (4.4423,7.2468) (6.5781,6.6596) (8.9563,5.5022)
5.0 (4.6701,7.3369) (6.7932,6.7726) (9.1866,5.5839)
6.0 (4.7059,7.4633) (7.2210,6.7782) (9.4220,5.6485)
7.0 (4.9307,7.5573) (7.4344,6.8933) (9.6522,5.7297)
8.0 (5.1554,7.6516) (7.6477,7.0088) (9.8820,5.8112)
9.0 (5.3799,7.7462) (7.8606,7.1248) (10.1115,5.8933)
10.0 (5.6040,7.8410) (8.0734,7.2412) (10.3406,5.9758)
11.0 (5.8279,7.9363) (8.2859,7.3582) (10.5693,6.0588)
12.0 (6.0515,8.0319) (8.4981,7.4756) (10.7977,6.1423)
13.0 (6.2747,8.1278) (8.7101,7.5935) (11.0256,6.2264)
14.0 (6.4975,8.2242) (8.9218,7.7119) (11.2531,6.3111)
15.0 (6.7200,8.3209) (9.1332,7.8307) (11.4801,6.3963)
16.0 (6.9421,8.4181) (9.3444,7.9501) (11.7066,6.4823)
17.0 (7.1638,8.5157) (9.5553,8.0700) (11.9326,6.5688)
18.0 (7.3851,8.6137) (9.7659,8.1905) (12.1581,6.6560)
19.0 (7.6060,8.7121) (9.9761,8.3115) (12.3832,6.7438)
20.0 (7.8265,8.8110) (10.1860,8.4331) (12.6077,6.8322)
21.0 (8.0466,8.9103) (10.3956,8.5554) (12.8317,6.9214)
22.0 (8.2663,9.0101) (10.6047,8.6782) (13.0551,7.0113)
23.0 (8.4855,9.1103) (10.8135,8.8016) (13.2780,7.1019)
24.0 (8.7044,9.2110) (11.0219,8.9257) (13.5003,7.1934)
25.0 (8.9227,9.3122) (11.2548,9.0055) (13.7325,7.2625)
26.0 (9.1407,9.4140) (11.4874,9.0858) (13.9643,7.3319)
27.0 (9.3583,9.5165) (11.7195,9.1667) (14.1959,7.4018)
28.0 (9.5755,9.6196) (11.9513,9.2480) (14.4270,7.4719)
29.0 (9.7923,9.7234) (12.1827,9.3299) (14.6579,7.5425)
30.0 (10.0088,9.8279) (12.4138,9.4122) (14.8883,7.6135)
31.0 (10.2248,9.9330) (12.6444,9.4950) (15.1183,7.6850)
32.0 (10.4404,10.0387) (12.8746,9.5783) (15.3479,7.7569)
33.0 (10.6557,10.1452) (13.1044,9.6620) (15.5771,7.8292)
34.0 (10.8706,10.2523) (13.3338,9.7463) (15.8058,7.9021)
35.0 (11.0850,10.3601) (13.5627,9.8311) (16.0341,7.9753)
36.0 (11.2990,10.4686) (13.7911,9.9165) (16.2619,8.0491)
37.0 (11.5127,10.5778) (14.0189,10.0025) (16.4893,8.1233)
38.0 (11.7259,10.6877) (14.2462,10.0891) (16.7161,8.1980)
39.0 (11.9386,10.7983) (14.4728,10.1764) (16.9423,8.2732)
40.0 (12.1509,10.9097) (14.6989,10.2644) (17.1677,8.3489)
41.0 (12.3628,11.0218) (14.9244,10.3530) (17.3925,8.4251)
42.0 (12.5741,11.1348) (15.1492,10.4423) (17.6165,8.5019)
43.0 (12.7849,11.2486) (15.3734,10.5324) (17.8398,8.5792)
44.0 (12.9903,11.3648) (15.5969,10.6234) (18.0623,8.6571)
45.0 (13.1934,11.4818) (15.8196,10.7152) (18.2841,8.7354)
46.0 (13.1892,11.5899) (16.0416,10.8080) (18.5050,8.8144)
47.0 (13.1911,11.7118) (16.2623,10.9035) (18.7251,8.8939)
48.0 (13.1911,11.7765) (16.4928,10.9744) (18.9444,8.9739)
49.0 (13.1870,11.7959) (16.7227,11.0460) (19.1629,9.0545)
50.0 (13.1833,11.8133) (16.9521,11.1181) (19.3805,9.1356)
51.0 (13.1798,11.8287) (17.1808,11.1909) (19.5972,9.2173)
52.0 (13.1766,11.8426) (17.4089,11.2644) (19.8131,9.2996)
53.0 (13.1737,11.8550) (17.6364,11.3385) (20.0279,9.3827)
54.0 (13.1710,11.8662) (17.8631,11.4133) (20.2417,9.4665)
55.0 (13.1685,11.8762) (18.0889,11.4888) (20.4544,9.5510)
56.0 (13.1663,11.8853) (18.3137,11.5650) (20.6660,9.6363)
57.0 (13.1642,11.8935) (18.5374,11.6419) (20.8763,9.7225)
58.0 (13.1623,11.9010) (18.7601,11.7197) (21.0855,9.8095)
59.0 (13.1605,11.9077) (18.9817,11.7981) (21.2934,9.8974)
60.0 (13.1589,11.9139) (19.1754,11.9333) (21.4853,10.0158)
61.0 (13.1574,11.9196) (19.3951,12.0131) (21.6910,10.1053)
62.0 (13.1560,11.9247) (19.5863,12.1504) (21.8804,10.2255)
63.0 (13.1547,11.9294) (19.7763,12.2886) (22.0686,10.3465)
64.0 (13.1536,11.9338) (19.9932,12.3703) (22.2708,10.4386)
65.0 (13.1525,11.9377) (20.1802,12.5108) (22.4564,10.5613)
66.0 (13.1515,11.9414) (20.3659,12.6525) (22.6408,10.6849)
67.0 (13.1506,11.9448) (20.5793,12.7365) (22.8394,10.7797)
68.0 (13.1497,11.9479) (20.7616,12.8808) (23.0211,10.9050)
69.0 (13.1489,11.9507) (20.9723,12.9667) (23.2172,11.0016)
70.0 (13.1482,11.9534) (21.1509,13.1136) (23.3962,11.1288)
71.0 (13.1475,11.9558) (21.3278,13.2619) (23.5736,11.2570)
72.0 (13.1469,11.9581) (21.5342,13.3508) (23.7660,11.3562)
73.0 (13.1463,11.9602) (21.7072,13.5018) (23.9404,11.4865)
74.0 (13.1457,11.9622) (21.9105,13.5930) (24.1295,11.5876)
75.0 (13.1452,11.9640) (22.0793,13.7468) (24.3005,11.7199)
76.0 (13.1447,11.9657) (22.3063,13.8213) (24.4862,11.8230)
77.0 (13.1443,11.9673) (22.4679,13.9768) (24.6571,11.9521)
78.0 (13.1439,11.9687) (22.6304,14.1347) (24.8225,12.0873)
79.0 (13.1435,11.9701) (22.7909,14.2939) (24.9862,12.2236)
80.0 (13.1431,11.9714) (22.9843,14.3925) (25.1651,12.3305)
81.0 (13.1428,11.9726) (23.1753,14.4925) (25.3421,12.4384)
82.0 (13.1425,11.9737) (23.3958,14.5718) (25.5171,12.5475)
83.0 (13.1422,11.9747) (23.5443,14.7366) (25.6727,12.6874)
84.0 (13.1419,11.9757) (23.6904,14.9028) (25.8261,12.8284)
85.0 (13.1416,11.9766) (23.8339,15.0703) (25.9773,12.9706)
86.0 (13.1414,11.9774) (24.0130,15.1771) (26.1451,13.0835)
87.0 (13.1412,11.9782) (24.1505,15.3475) (26.2917,13.2279)
88.0 (13.1410,11.9790) (24.3244,15.4571) (26.4554,13.3429)
89.0 (13.1408,11.9796) (24.4953,15.5684) (26.6170,13.4590)
90.0 (13.1406,11.9803) (24.6226,15.7432) (26.7564,13.6065)
91.0 (13.1404,11.9809) (24.7881,15.8573) (26.9139,13.7248)
92.0 (13.1402,11.9815) (24.9502,15.9731) (27.0690,13.8442)
93.0 (13.1401,11.9820) (25.1090,16.0907) (27.2219,13.9648)
94.0 (13.1399,11.9825) (25.2210,16.2712) (27.3513,14.1166)
95.0 (13.1398,11.9830) (25.3738,16.3918) (27.4999,14.2392)
96.0 (13.1397,11.9834) (25.5231,16.5141) (27.6462,14.3629)
97.0 (13.1396,11.9839) (25.6689,16.6381) (27.7901,14.4878)
98.0 (13.1394,11.9843) (25.8109,16.7638) (27.9317,14.6138)
99.0 (13.1393,11.9846) (25.9666,16.8830) (28.0708,14.7408)
100.0 (13.1392,11.9850) (26.1008,17.0123) (28.2076,14.8690)
101.0 (13.1391,11.9853) (26.2313,17.1432) (28.3419,14.9982)
102.0 (13.1391,11.9856) (26.3580,17.2757) (28.4738,15.1285)
103.0 (13.1390,11.9859) (26.4803,17.4098) (28.6032,15.2599)
104.0 (13.1389,11.9862) (26.5981,17.5456) (28.7301,15.3923)
105.0 (13.1388,11.9864) (26.7114,17.6829) (28.8543,15.5258)
106.0 (13.1388,11.9866) (26.8199,17.8215) (28.9755,15.6603)
107.0 (13.1387,11.9869) (26.9231,17.9610) (29.0939,15.7959)
108.0 (13.1386,11.9871) (27.0211,18.1014) (29.2092,15.9325)
109.0 (13.1386,11.9873) (27.1142,18.2426) (29.3217,16.0701)
110.0 (13.1385,11.9875) (27.2021,18.3845) (29.4309,16.2085)
111.0 (13.1385,11.9876) (27.2846,18.5269) (29.5367,16.3476)
112.0 (13.1384,11.9878) (27.3614,18.6698) (29.6392,16.4873)
113.0 (13.1384,11.9880) (27.4326,18.8132) (29.7382,16.6275)
114.0 (13.1383,11.9881) (27.4981,18.9570) (29.8340,16.7683)
115.0 (13.1383,11.9883) (27.5580,19.1011) (29.9266,16.9095)
116.0 (13.1383,11.9884) (27.6120,19.2453) (30.0158,17.0513)
117.0 (13.1382,11.9885) (27.6602,19.3897) (30.1015,17.1934)
118.0 (13.1382,11.9886) (27.7027,19.5341) (30.1836,17.3358)
119.0 (13.1382,11.9887) (27.7394,19.6786) (30.2621,17.4786)
120.0 (13.1381,11.9888) (27.7701,19.8228) (30.3369,17.6217)
121.0 (13.1381,11.9889) (27.7948,19.9668) (30.4080,17.7651)
122.0 (13.1381,11.9890) (27.8136,20.1104) (30.4754,17.9087)
123.0 (13.1380,11.9891) (27.8266,20.2536) (30.5392,18.0526)
124.0 (13.1380,11.9892) (27.8338,20.3963) (30.5992,18.1967)
125.0 (13.1380,11.9893) (27.8355,20.5386) (30.6555,18.3409)
126.0 (13.1380,11.9893) (27.8318,20.6805) (30.7079,18.4852)
127.0 (13.1380,11.9894) (27.8231,20.8220) (30.7566,18.6295)
128.0 (13.1379,11.9895) (27.8095,20.9629) (30.8016,18.7740)
129.0 (13.1379,11.9895) (27.7915,21.1032) (30.8428,18.9184)
130.0 (13.1379,11.9896) (27.7691,21.2430) (30.8803,19.0629)
131.0 (13.1379,11.9896) (27.7422,21.3822) (30.9138,19.2072)
132.0 (13.1379,11.9897) (27.7110,21.5208) (30.9435,19.3514)
133.0 (13.1379,11.9897) (27.6754,21.6587) (30.9693,19.4955)
134.0 (13.1379,11.9898) (27.6355,21.7956) (30.9912,19.6393)
135.0 (13.1378,11.9898) (27.5916,21.9314) (31.0092,19.7828)
136.0 (13.1378,11.9899) (27.5435,22.0662) (31.0234,19.9261)
137.0 (13.1378,11.9899) (27.4913,22.1998) (31.0339,20.0691)
138.0 (13.1378,11.9899) (27.4349,22.3322) (31.0408,20.2118)
139.0 (13.1378,11.9900) (27.3745,22.4634) (31.0439,20.3542)
140.0 (13.1378,11.9900) (27.3100,22.5934) (31.0435,20.4964)
141.0 (13.1378,11.9900) (27.2413,22.7221) (31.0396,20.6382)
142.0 (13.1378,11.9901) (27.1689,22.8493) (31.0325,20.7798)
143.0 (13.1378,11.9901) (27.0928,22.9748) (31.0221,20.9212)
144.0 (13.1378,11.9901) (27.0129,23.0984) (31.0086,21.0621)
145.0 (13.1377,11.9901) (26.9289,23.2196) (30.9922,21.2026)
146.0 (13.1377,11.9902) (26.8409,23.3384) (30.9729,21.3428)
147.0 (13.1377,11.9902) (26.7489,23.4549) (30.9507,21.4826)
148.0 (13.1377,11.9902) (26.6529,23.5687) (30.9256,21.6220)
149.0 (13.1377,11.9902) (26.5543,23.6788) (30.8977,21.7611)
150.0 (13.1377,11.9902) (26.4630,23.7766) (30.8668,21.8997)
151.0 (13.1377,11.9902) (26.3795,23.8614) (30.8332,22.0380)
152.0 (13.1377,11.9903) (26.3031,23.9339) (30.7966,22.1757)
153.0 (13.1377,11.9903) (26.2330,23.9947) (30.7574,22.3127)
154.0 (13.1377,11.9903) (26.1695,24.0446) (30.7154,22.4491)
155.0 (13.1377,11.9903) (26.1128,24.0850) (30.6708,22.5847)
156.0 (13.1377,11.9903) (26.0627,24.1177) (30.6234,22.7196)
157.0 (13.1377,11.9903) (26.0187,24.1440) (30.5734,22.8538)
158.0 (13.1377,11.9903) (25.9808,24.1650) (30.5206,22.9873)
159.0 (13.1377,11.9903) (25.9482,24.1817) (30.4652,23.1200)
160.0 (13.1377,11.9904) (25.9202,24.1952) (30.4071,23.2519)
161.0 (13.1377,11.9904) (25.8964,24.2061) (30.3463,23.3830)
162.0 (13.1377,11.9904) (25.8762,24.2148) (30.2828,23.5133)
163.0 (13.1377,11.9904) (25.8590,24.2219) (30.2166,23.6428)
164.0 (13.1377,11.9904) (25.8445,24.2275) (30.1478,23.7714)
165.0 (13.1377,11.9904) (25.8325,24.2318) (30.0764,23.8991)
166.0 (13.1377,11.9904) (25.8226,24.2352) (30.0027,24.0257)
167.0 (13.1377,11.9904) (25.8145,24.2378) (29.9266,24.1512)
168.0 (13.1377,11.9904) (25.8078,24.2399) (29.8480,24.2755)
169.0 (13.1377,11.9904) (25.8023,24.2415) (29.7667,24.3983)
170.0 (13.1377,11.9904) (25.7978,24.2428) (29.6828,24.5195)
171.0 (13.1377,11.9904) (25.7943,24.2439) (29.5963,24.6393)
172.0 (13.1377,11.9904) (25.7914,24.2447) (29.5071,24.7575)
173.0 (13.1377,11.9904) (25.7891,24.2453) (29.4154,24.8740)
174.0 (13.1377,11.9904) (25.7872,24.2458) (29.3211,24.9890)
175.0 (13.1377,11.9904) (25.7857,24.2461) (29.2241,25.1022)
176.0 (13.1377,11.9905) (25.7845,24.2464) (29.1245,25.2138)
177.0 (13.1377,11.9905) (25.7835,24.2467) (29.0223,25.3236)
178.0 (13.1377,11.9905) (25.7828,24.2468) (28.9174,25.4316)
179.0 (13.1377,11.9905) (25.7821,24.2470) (28.8100,25.5378)
180.0 (13.1376,11.9905) (25.7816,24.2471) (28.7000,25.6422)
181.0 (13.1376,11.9905) (25.7813,24.2472) (28.5895,25.7431)
182.0 (13.1376,11.9905) (25.7809,24.2472) (28.4882,25.8317)
183.0 (13.1376,11.9905) (25.7807,24.2473) (28.3959,25.9082)
184.0 (13.1376,11.9905) (25.7805,24.2473) (28.3124,25.9729)
185.0 (13.1376,11.9905) (25.7803,24.2473) (28.2367,26.0270)
186.0 (13.1376,11.9905) (25.7802,24.2474) (28.1694,26.0709)
187.0 (13.1376,11.9905) (25.7801,24.2474) (28.1103,26.1061)
188.0 (13.1376,11.9905) (25.7603,24.2743) (28.0134,26.1775)
189.0 (13.1376,11.9905) (25.7458,24.2925) (27.9337,26.2338)
190.0 (13.1376,11.9905) (25.7351,24.3045) (27.8707,26.2764)
191.0 (13.1376,11.9905) (25.7269,24.3119) (27.8216,26.3081)
192.0 (13.1376,11.9905) (25.7207,24.3166) (27.7833,26.3313)
193.0 (13.1376,11.9905) (25.7160,24.3192) (27.7545,26.3477)
194.0 (13.1376,11.9905) (25.7125,24.3207) (27.7330,26.3592)
195.0 (13.1376,11.9905) (25.7100,24.3214) (27.7171,26.3672)
196.0 (13.1376,11.9905) (25.7081,24.3218) (27.7053,26.3728)
197.0 (13.1376,11.9905) (25.7067,24.3219) (27.6966,26.3767)
198.0 (13.1376,11.9905) (25.7057,24.3219) (27.6902,26.3793)
199.0 (13.1376,11.9905) (25.7050,24.3218) (27.6855,26.3812)
200.0 (13.1376,11.9905) (25.7045,24.3217) (27.6821,26.3826)
201.0 (13.1376,11.9905) (25.7041,24.3216) (27.6797,26.3835)
202.0 (13.1376,11.9905) (25.7039,24.3215) (27.6779,26.3842)
203.0 (13.1376,11.9905) (25.7037,24.3214) (27.6766,26.3847)
204.0 (13.1376,11.9905) (25.7036,24.3213) (27.6757,26.3850)
205.0 (13.1376,11.9905) (25.7035,24.3213) (27.6750,26.3853)
206.0 (13.1376,11.9905) (25.7035,24.3212) (27.6745,26.3855)
207.0 (13.1376,11.9905) (25.7034,24.3212) (27.6741,26.3856)
208.0 (13.1376,11.9905) (25.7034,24.3211) (27.6739,26.3857)
209.0 (13.1376,11.9905) (25.7034,24.3211) (27.6737,26.3857)
210.0 (13.1376,11.9905) (25.7034,24.3211) (27.6736,26.3858)
211.0 (13.1376,11.9905) (25.7034,24.3211) (27.6735,26.3858)
212.0 (13.1376,11.9905) (25.7034,24.3210) (27.6734,26.3858)
213.0 (13.1376,11.9905) (25.7034,24.3210) (27.6734,26.3859)
214.0 (13.1376,11.9905) (25.7034,24.3210) (27.6733,26.3859)
215.0 (13.1376,11.9905) (25.7034,24.3210) (27.6733,26.3859)
216.0 (13.1376,11.9905) (25.7034,24.3210) (27.6733,26.3859)
217.0 (13.1376,11.9905) (25.7034,24.3210) (27.6733,26.3859)
218.0 (13.1376,11.9905) (25.7034,24.3210) (27.6733,26.3859)
219.0 (13.1376,11.9905) (25.7034,24.3210) (27.6733,26.3859)
220.0 (13.1376,11.9905) (25.7034,24.3210) (27.6732,26.3859)
221.0 (13.1376,11.9905) (25.7034,24.3210) (27.6732,26.3859)
222.0 (13.1376,11.9905) (25.7034,24.3210) (27.6732,26.3859)
223.0 (13.1376,11.9905) (25.7034,24.3210) (27.6732,26.3859)
224.0 (13.1376,11.9905) (25.7034,24.3210) (27.6732,26.3859)
225.0 (13.1376,11.9905) (25.7034,24.3210) (27.6732,26.3859)
226.0 (13.1376,11.9905) (25.7034,24.3210) (27.6732,26.3859)
227.0 (13.1376,11.9905) (25.7034,24.3210) (27.6732,26.3859)
228.0 (13.1376,11.9905) (25.7034,24.3210) (27.6732,26.3859)
229.0 (13.1376,11.9905) (25.7034,24.3210) (27.6732,26.3859)
230.0 (13.1376,11.9905) (25.7034,24.3210) (27.6732,26.3859)
231.0 (13.1376,11.9905) (25.7034,24.3210) (27.6732,26.3859)
232.0 (13.1376,11.9905) (25.7034,24.3210) (27.6732,26.3859)
233.0 (13.1376,11.9905) (25.7034,24.3210) (27.6732,26.3859)
234.0 (13.1376,11.9905) (25.7034,24.3210) (27.6732,26.3859)
235.0 (13.1376,11.9905) (25.7034,24.3210) (27.6732,26.3859)
236.0 (13.1376,11.9905) (25.7034,24.3210) (27.6732,26.3859)
237.0 (13.1376,11.9905) (25.7034,24.3210) (27.6732,26.3859)
238.0 (13.1376,11.9905) (25.7034,24.3210) (27.6732,26.3859)
239.0 (13.1376,11.9905) (25.7034,24.3210) (27.6732,26.3859)
240.0 (13.1376,11.9905) (25.7034,24.3210) (27.6732,26.3859)
241.0 (13.1376,11.9905) (25.7034,24.3210) (27.6732,26.3859)
242.0 (13.1376,11.9905) (25.7034,24.3210) (27.6732,26.3859)
243.0 (13.1376,11.9905) (25.7034,24.3210) (27.6732,26.3859)
244.0 (13.1376,11.9905) (25.7034,24.3210) (27.6732,26.3859)
245.0 (13.1376,11.9905) (25.7034,24.3210) (27.6732,26.3859)
246.0 (13.1376,11.9905) (25.7034,24.3210) (27.6732,26.3859)
247.0 (13.1376,11.9905) (25.7034,24.3210) (27.6732,26.3859)
248.0 (13.1376,11.9905) (25.7034,24.3210) (27.6732,26.3859)
249.0 (13.1376,11.9905) (25.7034,24.3210) (27.6732,26.3859)
250.0 (13.1376,11.9905) (25.7034,24.3210) (27.6732,26.3859)
251.0 (13.1376,11.9905) (25.7034,24.3210) (27.6732,26.3859)
252.0 (13.1376,11.9905) (25.7034,24.3210) (27.6732,26.3859)
253.0 (13.1376,11.9905) (25.7034,24.3210) (27.6732,26.3859)
254.0 (13.1376,11.9905) (25.7034,24.3210) (27.6732,26.3859)
255.0 (13.1376,11.9905) (25.7034,24.3210) (27.6732,26.3859)
256.0 (13.1376,11.9905) (25.7034,24.3210) (27.6732,26.3859)
257.0 (13.1376,11.9905) (25.7034,24.3210) (27.6732,26.3859)
258.0 (13.1376,11.9905) (25.7034,24.3210) (27.6732,26.3859)
259.0 (13.1376,11.9905) (25.7034,24.3210) (27.6732,26.3859)
260.0 (13.1376,11.9905) (25.7034,24.3210) (27.6732,26.3859)
261.0 (13.1376,11.9905) (25.7034,24.3210) (27.6732,26.3859)
262.0 (13.1376,11.9905) (25.7034,24.3210) (27.6732,26.3859)
263.0 (13.1376,11.9905) (25.7034,24.3210) (27.6732,26.3859)
264.0 (13.1376,11.9905) (25.7034,24.3210) (27.6732,26.3859)
265.0 (13.1376,11.9905) (25.7034,24.3210) (27.6732,26.3859)
266.0 (13.1376,11.9905) (25.7034,24.3210) (27.6732,26.3859)
267.0 (13.1376,11.9905) (25.7034,24.3210) (27.6732,26.3859)
268.0 (13.1376,11.9905) (25.7034,24.3210) (27.6732,26.3859)
269.0 (13.1376,11.9905) (25.7034,24.3210) (27.6732,26.3859)
270.0 (13.1376,11.9905) (25.7034,24.3210) (27.6732,26.3859)
271.0 (13.1376,11.9905) (25.7034,24.3210) (27.6732,26.3859)
272.0 (13.1376,11.9905) (25.7034,24.3210) (27.6732,26.3859)
273.0 (13.1376,11.9905) (25.7034,24.3210) (27.6732,26.3859)
274.0 (13.1376,11.9905) (25.7034,24.3210) (27.6732,26.3859)
275.0 (13.1376,11.9905) (25.7034,24.3210) (27.6732,26.3859)
276.0 (13.1376,11.9905) (25.7034,24.3210) (27.6732,26.3859)
277.0 (13.1376,11.9905) (25.7034,24.3210) (27.6732,26.3859)
278.0 (13.1376,11.9905) (25.7034,24.3210) (27.6732,26.3859)
279.0 (13.1376,11.9905) (25.7034,24.3210) (27.6732,26.3859)
280.0 (13.1376,11.9905) (25.7034,24.3210) (27.6732,26.3859)
281.0 (13.1376,11.9905) (25.7034,24.3210) (27.6732,26.3859)
282.0 (13.1376,11.9905) (25.7034,24.3210) (27.6732,26.3859)
283.0 (13.1376,11.9905) (25.7034,24.3210) (27.6732,26.3859)
284.0 (13.1376,11.9905) (25.7034,24.3210) (27.6732,26.3859)
285.0 (13.1376,11.9905) (25.7034,24.3210) (27.6732,26.3859)
286.0 (13.1376,11.9905) (25.7034,24.3210) (27.6732,26.3859)
287.0 (13.1376,11.9905) (25.7034,24.3210) (27.6732,26.3859)
288.0 (13.1376,11.9905) (25.7034,24.3210) (27.6732,26.3859)
289.0 (13.1376,11.9905) (25.7034,24.3210) (27.6732,26.3859)
290.0 (13.1376,11.9905) (25.7034,24.3210) (27.6732,26.3859)
291.0 (13.1376,11.9905) (25.7034,24.3210) (27.6732,26.3859)
292.0 (13.1376,11.9905) (25.7034,24.3210) (27.6732,26.3859)
293.0 (13.1376,11.9905) (25.7034,24.3210) (27.6732,26.3859)
294.0 (13.1376,11.9905) (25.7034,24.3210) (27.6732,26.3859)
295.0 (13.1376,11.9905) (25.7034,24.3210) (27.6732,26.3859)
296.0 (13.1376,11.9905) (25.7034,24.3210) (27.6732,26.3859)
297.0 (13.1376,11.9905) (25.7034,24.3210) (27.6732,26.3859)
298.0 (13.1376,11.9905) (25.7034,24.3210) (27.6732,26.3859)
299.0 (13.1376,11.9905) (25.7034,24.3210) (27.6732,26.3859)
300.0 (13.1376,11.9905) (25.7034,24.3210) (27.6732,26.3859)
301.0 (13.1376,11.9905) (25.7034,24.3210) (27.6732,26.3859)
302.0 (13.1376,11.9905) (25.7034,24.3210) (27.6732,26.3859)
303.0 (13.1376,11.9905) (25.7034,24.3210) (27.6732,26.3859)
304.0 (13.1376,11.9905) (25.7034,24.3210) (27.6732,26.3859)
305.0 (13.1376,11.9905) (25.7034,24.3210) (27.6732,26.3859)
306.0 (13.1376,11.9905) (25.7034,24.3210) (27.6732,26.3859)
307.0 (13.1376,11.9905) (25.7034,24.3210) (27.6732,26.3859)
308.0 (13.1376,11.9905) (25.7034,24.3210) (27.6732,26.3859)
309.0 (13.1376,11.9905) (25.7034,24.3210) (27.6732,26.3859)
310.0 (13.1376,11.9905) (25.7034,24.3210) (27.6732,26.3859)
311.0 (13.1376,11.9905) (25.7034,24.3210) (27.6732,26.3859)
312.0 (13.1376,11.9905) (25.7034,24.3210) (27.6732,26.3859)
313.0 (13.1376,11.9905) (25.7034,24.3210) (27.6732,26.3859)
314.0 (13.1376,11.9905) (25.7034,24.3210) (27.6732,26.3859)
315.0 (13.1376,11.9905) (25.7034,24.3210) (27.6732,26.3859)
316.0 (13.1376,11.9905) (25.7034,24.3210) (27.6732,26.3859)
317.0 (13.1376,11.9905) (25.7034,24.3210) (27.6732,26.3859)
318.0 (13.1376,11.9905) (25.7034,24.3210) (27.6732,26.3859)
319.0 (13.1376,11.9905) (25.7034,24.3210) (27.6732,26.3859)
320.0 (13.1376,11.9905) (25.7034,24.3210) (27.6732,26.3859)
321.0 (13.1376,11.9905) (25.7034,24.3210) (27.6732,26.3859)
322.0 (13.1376,11.9905) (25.7034,24.3210) (27.6732,26.3859)
323.0 (13.1376,11.9905) (25.7034,24.3210) (27.6732,26.3859)
324.0 (13.1376,11.9905) (25.7034,24.3210) (27.6732,26.3859)
325.0 (13.1376,11.9905) (25.7034,24.3210) (27.6732,26.3859)
326.0 (13.1376,11.9905) (25.7034,24.3210) (27.6732,26.3859)
327.0 (13.1376,11.9905) (25.7034,24.3210) (27.6732,26.3859)
328.0 (13.1376,11.9905) (25.7034,24.3210) (27.6732,26.3859)
329.0 (13.1376,11.9905) (25.7034,24.3210) (27.6732,26.3859)
330.0 (13.1376,11.9905) (25.7034,24.3210) (27.6732,26.3859)
331.0 (13.1376,11.9905) (25.7034,24.3210) (27.6732,26.3859)
332.0 (13.1376,11.9905) (25.7034,24.3210) (27.6732,26.3859)
333.0 (13.1376,11.9905) (25.7034,24.3210) (27.6732,26.3859)
334.0 (13.1376,11.9905) (25.7034,24.3210) (27.6732,26.3859)
335.0 (13.1376,11.9905) (25.7034,24.3210) (27.6732,26.3859)
336.0 (13.1376,11.9905) (25.7034,24.3210) (27.6732,26.3859)
337.0 (13.1376,11.9905) (25.7034,24.3210) (27.6732,26.3859)
338.0 (13.1376,11.9905) (25.7034,24.3210) (27.6732,26.3859)
339.0 (13.1376,11.9905) (25.7034,24.3210) (27.6732,26.3859)
340.0 (13.1376,11.9905) (25.7034,24.3210) (27.6732,26.3859)
341.0 (13.1376,11.9905) (25.7034,24.3210) (27.6732,26.3859)
342.0 (13.1376,11.9905) (25.7034,24.3210) (27.6732,26.3859)
343.0 (13.1376,11.9905) (25.7034,24.3210) (27.6732,26.3859)
344.0 (13.1376,11.9905) (25.7034,24.3210) (27.6732,26.3859)
345.0 (13.1376,11.9905) (25.7034,24.3210) (27.6732,26.3859)
346.0 (13.1376,11.9905) (25.7034,24.3210) (27.6732,26.3859)
347.0 (13.1376,11.9905) (25.7034,24.3210) (27.6732,26.3859)
348.0 (13.1376,11.9905) (25.7034,24.3210) (27.6732,26.3859)
349.0 (13.1376,11.9905) (25.7034,24.3210) (27.6732,26.3859)
350.0 (13.1376,11.9905) (25.7034,24.3210) (27.6732,26.3859)
351.0 (13.1376,11.9905) (25.7034,24.3210) (27.6732,26.3859)
352.0 (13.1376,11.9905) (25.7034,24.3210) (27.6732,26.3859)
353.0 (13.1376,11.9905) (25.7034,24.3210) (27.6732,26.3859)
354.0 (13.1376,11.9905) (25.7034,24.3210) (27.6732,26.3859)
355.0 (13.1376,11.9905) (25.7034,24.3210) (27.6732,26.3859)
356.0 (13.1376,11.9905) (25.7034,24.3210) (27.6732,26.3859)
357.0 (13.1376,11.9905) (25.7034,24.3210) (27.6732,26.3859)
358.0 (13.1376,11.9905) (25.7034,24.3210) (27.6732,26.3859)
359.0 (13.1376,11.9905) (25.7034,24.3210) (27.6732,26.3859)
360.0 (13.1376,11.9905) (25.7034,24.3210) (27.6732,26.3859)
361.0 (13.1376,11.9905) (25.7034,24.3210) (27.6732,26.3859)
362.0 (13.1376,11.9905) (25.7034,24.3210) (27.6732,26.3859)
363.0 (13.1376,11.9905) (25.7034,24.3210) (27.6732,26.3859)
364.0 (13.1376,11.9905) (25.7034,24.3210) (27.6732,26.3859)
365.0 (13.1376,11.9905) (25.7034,24.3210) (27.6732,26.3859)
366.0 (13.1376,11.9905) (25.7034,24.3210) (27.6732,26.3859)
367.0 (13.1376,11.9905) (25.7034,24.3210) (27.6732,26.3859)
368.0 (13.1376,11.9905) (25.7034,24.3210) (27.6732,26.3859)
369.0 (13.1376,11.9905) (25.7034,24.3210) (27.6732,26.3859)
370.0 (13.1376,11.9905) (25.7034,24.3210) (27.6732,26.3859)
371.0 (13.1376,11.9905) (25.7034,24.3210) (27.6732,26.3859)
372.0 (13.1376,11.9905) (25.7034,24.3210) (27.6732,26.3859)
373.0 (13.1376,11.9905) (25.7034,24.3210) (27.6732,26.3859)
374.0 (13.1376,11.9905) (25.7034,24.3210) (27.6732,26.3859)
375.0 (13.1376,11.9905) (25.7034,24.3210) (27.6732,26.3859)
376.0 (13.1376,11.9905) (25.7034,24.3210) (27.6732,26.3859)
377.0 (13.1376,11.9905) (25.7034,24.3210) (27.6732,26.3859)
378.0 (13.1376,11.9905) (25.7034,24.3210) (27.6732,26.3859)
379.0 (13.1376,11.9905) (25.7034,24.3210) (27.6732,26.3859)
380.0 (13.1376,11.9905) (25.7034,24.3210) (27.6732,26.3859)
381.0 (13.1376,11.9905) (25.7034,24.3210) (27.6732,26.3859)
382.0 (13.1376,11.9905) (25.7034,24.3210) (27.6732,26.3859)
383.0 (13.1376,11.9905) (25.7034,24.3210) (27.6732,26.3859)
384.0 (13.1376,11.9905) (25.7034,24.3210) (27.6732,26.3859)
385.0 (13.1376,11.9905) (25.7034,24.3210) (27.6732,26.3859)
386.0 (13.1376,11.9905) (25.7034,24.3210) (27.6732,26.3859)
387.0 (13.1376,11.9905) (25.7034,24.3210) (27.6732,26.3859)
388.0 (13.1376,11.9905) (25.7034,24.3210) (27.6732,26.3859)
389.0 (13.1376,11.9905) (25.7034,24.3210) (27.6732,26.3859)
390.0 (13.1376,11.9905) (25.7034,24.3210) (27.6732,26.3859)
391.0 (13.1376,11.9905) (25.7034,24.3210) (27.6732,26.3859)
392.0 (13.1376,11.9905) (25.7034,24.3210) (27.6732,26.3859)
393.0 (13.1376,11.9905) (25.7034,24.3210) (27.6732,26.3859)
394.0 (13.1376,11.9905) (25.7034,24.3210) (27.6732,26.3859)
395.0 (13.1376,11.9905) (25.7034,24.3210) (27.6732,26.3859)
396.0 (13.1376,11.9905) (25.7034,24.3210) (27.6732,26.3859)
397.0 (13.1376,11.9905) (25.7034,24.3210) (27.6732,26.3859)
398.0 (13.1376,11.9905) (25.7034,24.3210) (27.6732,26.3859)
