0.0 (8.2330,4.5811) (9.5392,4.2640) (31.4301,21.2968)
1.0 (8.4660,4.6626) (9.7782,4.3284) (31.3599,21.0939)
2.0 (8.6988,4.7445) (10.0171,4.3932) (31.2893,20.8915)
3.0 (8.9316,4.8268) (10.2557,4.4584) (31.2184,20.6896)
4.0 (9.1642,4.9095) (10.4941,4.5241) (31.1471,20.4881)
5.0 (9.3967,4.9926) (10.7324,4.5901) (31.0753,20.2871)
6.0 (9.6291,5.0760) (10.9704,4.6565) (31.0032,20.0868)
7.0 (9.8614,5.1599) (11.2082,4.7233) (30.9306,19.8871)
8.0 (10.0936,5.2441) (11.4458,4.7905) (30.8576,19.6882)
9.0 (10.3256,5.3288) (11.6832,4.8582) (30.7841,19.4899)
10.0 (10.5598,5.4118) (11.9153,4.9296) (30.7102,19.2923)
11.0 (10.7916,5.4973) (12.1523,4.9979) (30.6359,19.0954)
12.0 (11.0232,5.5832) (12.3891,5.0665) (30.5611,18.8993)
13.0 (11.2547,5.6695) (12.6257,5.1356) (30.4858,18.7038)
14.0 (11.4861,5.7562) (12.8621,5.2049) (30.4101,18.5091)
15.0 (11.7174,5.8434) (13.0983,5.2747) (30.3340,18.3152)
16.0 (11.9484,5.9311) (13.3342,5.3449) (30.2573,18.1220)
17.0 (12.1792,6.0192) (13.5700,5.4154) (30.1801,17.9295)
18.0 (12.4097,6.1079) (13.8054,5.4864) (30.1025,17.7378)
19.0 (12.6398,6.1972) (14.0407,5.5578) (30.0245,17.5469)
20.0 (12.8696,6.2870) (14.2756,5.6296) (29.9459,17.3567)
21.0 (13.0828,6.3892) (14.5031,5.7258) (29.8669,17.1673)
22.0 (13.3135,6.4813) (14.7334,5.8028) (29.7874,16.9787)
23.0 (13.5424,6.5728) (14.9675,5.8759) (29.7074,16.7909)
24.0 (13.7708,6.6648) (15.2013,5.9495) (29.6270,16.6038)
25.0 (13.9989,6.7574) (15.4349,6.0235) (29.5460,16.4176)
26.0 (14.2266,6.8507) (15.6682,6.0979) (29.4646,16.2321)
27.0 (14.4540,6.9445) (15.9012,6.1728) (29.3827,16.0475)
28.0 (14.6809,7.0389) (16.1340,6.2481) (29.3002,15.8637)
29.0 (14.9075,7.1338) (16.3664,6.3238) (29.2173,15.6807)
30.0 (15.1337,7.2294) (16.5986,6.4000) (29.1339,15.4985)
31.0 (15.3594,7.3256) (16.8304,6.4766) (29.0499,15.3171)
32.0 (15.5848,7.4223) (17.0618,6.5538) (28.9655,15.1366)
33.0 (15.8097,7.5197) (17.2927,6.6314) (28.8805,14.9569)
34.0 (16.0341,7.6178) (17.5231,6.7096) (28.7950,14.7781)
35.0 (16.2580,7.7165) (17.7531,6.7884) (28.7090,14.6002)
36.0 (16.4815,7.8159) (17.9826,6.8676) (28.6225,14.4231)
37.0 (16.7045,7.9159) (18.2116,6.9474) (28.5355,14.2468)
38.0 (16.9270,8.0166) (18.4401,7.0278) (28.4479,14.0715)
39.0 (17.1490,8.1179) (18.6681,7.1087) (28.3598,13.8970)
40.0 (17.3704,8.2199) (18.8957,7.1902) (28.2712,13.7234)
41.0 (17.5914,8.3225) (19.1227,7.2723) (28.1821,13.5506)
42.0 (17.8117,8.4258) (19.3492,7.3549) (28.0925,13.3787)
43.0 (18.0315,8.5298) (19.5751,7.4382) (28.0023,13.2077)
44.0 (18.2508,8.6344) (19.8004,7.5223) (27.9116,13.0376)
45.0 (18.4696,8.7397) (20.0249,7.6071) (27.8203,12.8683)
46.0 (18.6878,8.8456) (20.2487,7.6928) (27.7285,12.7000)
47.0 (18.9055,8.9523) (20.4717,7.7793) (27.6361,12.5325)
48.0 (19.1225,9.0597) (20.6940,7.8668) (27.5432,12.3660)
49.0 (19.3390,9.1680) (20.9154,7.9552) (27.4497,12.2004)
50.0 (19.5547,9.2771) (21.1360,8.0446) (27.3556,12.0358)
51.0 (19.7698,9.3871) (21.3558,8.1350) (27.2610,11.8721)
52.0 (19.9842,9.4979) (21.5748,8.2263) (27.1658,11.7093)
53.0 (20.1978,9.6097) (21.7929,8.3186) (27.0701,11.5475)
54.0 (20.4107,9.7224) (22.0101,8.4119) (26.9737,11.3866)
55.0 (20.6228,9.8360) (22.2264,8.5062) (26.8768,11.2267)
56.0 (20.8341,9.9506) (22.4418,8.6016) (26.7793,11.0678)
57.0 (21.0445,10.0661) (22.6562,8.6979) (26.6813,10.9099)
58.0 (21.2541,10.1826) (22.8697,8.7953) (26.5826,10.7529)
59.0 (21.4629,10.3000) (23.0821,8.8937) (26.4834,10.5970)
60.0 (21.6706,10.4185) (23.2933,8.9932) (26.3836,10.4420)
61.0 (21.8775,10.5378) (23.5033,9.0938) (26.2831,10.2881)
62.0 (22.0834,10.6582) (23.7120,9.1956) (26.1821,10.1352)
63.0 (22.2884,10.7796) (23.8759,9.3546) (26.0392,9.9882)
64.0 (22.4927,10.9014) (24.0428,9.5103) (25.9040,9.8408)
65.0 (22.6961,11.0236) (24.2124,9.6633) (25.7766,9.6929)
66.0 (22.7608,11.2202) (24.4789,9.7653) (25.6276,9.5476)
67.0 (22.9628,11.3446) (24.6553,9.9121) (25.5105,9.3992)
68.0 (23.1639,11.4697) (24.8344,10.0574) (25.3946,9.2505)
69.0 (23.3641,11.5955) (25.0145,10.2025) (25.2769,9.1019)
70.0 (23.5631,11.7221) (25.1938,10.3487) (25.1551,8.9542)
71.0 (23.7608,11.8497) (25.3702,10.4981) (25.0278,8.8080)
72.0 (23.9571,11.9782) (25.5429,10.6516) (24.8955,8.6636)
73.0 (24.1520,12.1077) (25.7109,10.8101) (24.7586,8.5208)
74.0 (24.3453,12.2382) (25.8741,10.9739) (24.6165,8.3792)
75.0 (24.5371,12.3695) (26.0316,11.1428) (24.4691,8.2386)
76.0 (24.7274,12.5018) (26.2244,11.2552) (24.3608,8.0985)
77.0 (24.9158,12.6356) (26.4152,11.3691) (24.2519,7.9595)
78.0 (25.1022,12.7710) (26.6038,11.4845) (24.1425,7.8218)
79.0 (25.2865,12.9081) (26.7905,11.6014) (24.0324,7.6854)
80.0 (25.4685,13.0468) (26.9751,11.7199) (23.9217,7.5505)
81.0 (25.6482,13.1873) (27.1576,11.8398) (23.8102,7.4170)
82.0 (25.8256,13.3296) (27.3378,11.9614) (23.6981,7.2850)
83.0 (26.0007,13.4736) (27.5155,12.0846) (23.5854,7.1544)
84.0 (26.1733,13.6195) (27.6904,12.2094) (23.4719,7.0253)
85.0 (26.3435,13.7671) (27.8624,12.3358) (23.3578,6.8977)
86.0 (26.5111,13.9165) (28.0314,12.4638) (23.2429,6.7715)
87.0 (26.6759,14.0678) (28.1974,12.5935) (23.1275,6.6468)
88.0 (26.8280,14.2240) (28.3603,12.7248) (23.0114,6.5235)
89.0 (26.9778,14.3807) (28.5200,12.8579) (22.8947,6.4017)
90.0 (27.1249,14.5382) (28.6766,12.9926) (22.7774,6.2813)
91.0 (27.4903,14.6381) (28.8436,13.1059) (22.6596,6.1625)
92.0 (27.6269,14.8035) (28.9938,13.2427) (22.5411,6.0452)
93.0 (27.7599,14.9732) (29.1404,13.3814) (22.4221,5.9294)
94.0 (27.8881,15.1470) (29.2832,13.5219) (22.3025,5.8152)
95.0 (28.0109,15.3242) (29.4222,13.6643) (22.1823,5.7026)
96.0 (28.1380,15.4934) (29.5572,13.8086) (22.0615,5.5914)
97.0 (28.2607,15.6645) (29.6883,13.9546) (21.9401,5.4819)
98.0 (28.3786,15.8376) (29.8154,14.1024) (21.8181,5.3739)
99.0 (28.4916,16.0125) (29.9384,14.2519) (21.6955,5.2675)
100.0 (28.5992,16.1892) (30.0573,14.4032) (21.5724,5.1626)
101.0 (28.7014,16.3677) (30.1719,14.5561) (21.4486,5.0594)
102.0 (28.7979,16.5480) (30.2819,14.7105) (21.3243,4.9577)
103.0 (28.8888,16.7302) (30.3868,14.8663) (21.1993,4.8576)
104.0 (28.9737,16.9141) (30.4868,15.0235) (21.0738,4.7592)
105.0 (29.0527,17.0999) (30.5818,15.1821) (20.9476,4.6623)
106.0 (29.1255,17.2874) (30.6716,15.3421) (20.8207,4.5670)
107.0 (29.1920,17.4766) (30.7564,15.5034) (20.6930,4.4733)
108.0 (29.2520,17.6675) (30.8361,15.6661) (20.5645,4.3813)
109.0 (29.3054,17.8601) (30.9106,15.8301) (20.4353,4.2908)
110.0 (29.3506,18.0536) (30.9798,15.9953) (20.3053,4.2020)
111.0 (29.3873,18.2479) (31.0430,16.1611) (20.1746,4.1148)
112.0 (29.4155,18.4430) (31.0996,16.3275) (20.0430,4.0293)
113.0 (29.4354,18.6388) (31.1498,16.4943) (19.9108,3.9453)
114.0 (29.4467,18.8350) (31.1937,16.6616) (19.7777,3.8631)
115.0 (29.4493,19.0318) (31.2314,16.8294) (19.6439,3.7824)
116.0 (29.4433,19.2289) (31.2629,16.9975) (19.5094,3.7035)
117.0 (29.4286,19.4262) (31.2881,17.1660) (19.3741,3.6262)
118.0 (29.4050,19.6237) (31.3068,17.3348) (19.2380,3.5505)
119.0 (29.3724,19.8213) (31.3190,17.5037) (19.1012,3.4766)
120.0 (29.3874,19.9647) (31.3595,17.6481) (18.9636,3.4044)
121.0 (29.3866,20.1067) (31.3924,17.7925) (18.8253,3.3338)
122.0 (29.3721,20.2475) (31.4177,17.9365) (18.6863,3.2650)
123.0 (29.3453,20.3867) (31.4354,18.0800) (18.5464,3.1980)
124.0 (29.3129,20.5156) (31.4457,18.2230) (18.4059,3.1326)
125.0 (29.2780,20.6321) (31.4488,18.3654) (18.2646,3.0690)
126.0 (29.2410,20.7363) (31.4451,18.5073) (18.1225,3.0071)
127.0 (29.2013,20.8272) (31.4349,18.6487) (17.9797,2.9469)
128.0 (29.1601,20.9058) (31.4188,18.7892) (17.8362,2.8883)
129.0 (29.1186,20.9722) (31.3971,18.9291) (17.6920,2.8315)
130.0 (29.0784,21.0261) (31.3698,19.0682) (17.5470,2.7763)
131.0 (29.0401,21.0699) (31.3369,19.2066) (17.4013,2.7228)
132.0 (28.9618,21.1530) (31.2651,19.3642) (17.2549,2.6711)
133.0 (28.8961,21.2175) (31.1899,19.5203) (17.1079,2.6214)
134.0 (28.8423,21.2650) (31.1112,19.6747) (16.9603,2.5738)
135.0 (28.7988,21.2988) (31.0293,19.8274) (16.8122,2.5283)
136.0 (28.7645,21.3228) (30.9442,19.9780) (16.6635,2.4848)
137.0 (28.7384,21.3394) (30.8559,20.1263) (16.5142,2.4435)
138.0 (28.7188,21.3504) (30.7644,20.2719) (16.3643,2.4042)
139.0 (28.7043,21.3572) (30.6695,20.4148) (16.2139,2.3670)
140.0 (28.6936,21.3613) (30.5708,20.5549) (16.0630,2.3320)
141.0 (28.6859,21.3633) (30.4776,20.6815) (15.9114,2.2992)
142.0 (28.6805,21.3639) (30.3921,20.7935) (15.7593,2.2685)
143.0 (28.6767,21.3636) (30.3141,20.8919) (15.6066,2.2400)
144.0 (28.6742,21.3627) (30.2438,20.9771) (15.4534,2.2138)
145.0 (28.6726,21.3613) (30.1801,21.0466) (15.2998,2.1898)
146.0 (28.6715,21.3596) (30.1227,21.1019) (15.1458,2.1681)
147.0 (28.6708,21.3579) (30.0717,21.1453) (14.9915,2.1487)
148.0 (28.6705,21.3561) (30.0271,21.1793) (14.8368,2.1318)
149.0 (28.6702,21.3543) (29.9888,21.2058) (14.6818,2.1174)
150.0 (28.6702,21.3525) (29.9568,21.2259) (14.5265,2.1054)
151.0 (28.6702,21.3508) (29.9306,21.2410) (14.3709,2.0962)
152.0 (28.6704,21.3492) (29.9094,21.2521) (14.2151,2.0896)
153.0 (28.6706,21.3477) (29.8924,21.2602) (14.0591,2.0857)
154.0 (28.6708,21.3464) (29.8791,21.2661) (13.9029,2.0846)
155.0 (28.6711,21.3453) (29.8686,21.2703) (13.7464,2.0862)
156.0 (28.6713,21.3443) (29.8605,21.2734) (13.5897,2.0908)
157.0 (28.6715,21.3435) (29.8542,21.2756) (13.4331,2.0987)
158.0 (28.6717,21.3428) (29.8492,21.2772) (13.2765,2.1100)
159.0 (28.6719,21.3422) (29.8454,21.2783) (13.1201,2.1246)
160.0 (28.6721,21.3417) (29.8424,21.2791) (12.9639,2.1425)
161.0 (28.6723,21.3414) (29.8402,21.2797) (12.8080,2.1635)
162.0 (28.6724,21.3411) (29.8384,21.2801) (12.6657,2.1813)
163.0 (28.6725,21.3408) (29.8370,21.2803) (12.5368,2.1961)
164.0 (28.6726,21.3406) (29.8360,21.2805) (12.4199,2.2080)
165.0 (28.6727,21.3404) (29.8352,21.2807) (12.3150,2.2164)
166.0 (28.6727,21.3403) (29.8346,21.2808) (12.2224,2.2215)
167.0 (28.6728,21.3402) (29.8341,21.2808) (12.1422,2.2250)
168.0 (28.6728,21.3401) (29.8338,21.2809) (12.0748,2.2282)
169.0 (28.6729,21.3401) (29.8335,21.2809) (12.0189,2.2310)
170.0 (28.6729,21.3400) (29.8333,21.2809) (11.9732,2.2338)
171.0 (28.6729,21.3400) (29.8331,21.2809) (11.9361,2.2365)
172.0 (28.6729,21.3400) (29.8330,21.2809) (11.9057,2.2389)
173.0 (28.6729,21.3399) (29.8329,21.2809) (11.8809,2.2411)
174.0 (28.6730,21.3399) (29.8328,21.2809) (11.8607,2.2427)
175.0 (28.6730,21.3399) (29.8328,21.2809) (11.8442,2.2440)
176.0 (28.6730,21.3399) (29.8328,21.2809) (11.8310,2.2449)
177.0 (28.6730,21.3399) (29.8327,21.2809) (11.8204,2.2456)
178.0 (28.6730,21.3399) (29.8327,21.2809) (11.8119,2.2461)
179.0 (28.6730,21.3399) (29.8327,21.2809) (11.8051,2.2465)
180.0 (28.6730,21.3399) (29.8327,21.2809) (11.7997,2.2468)
181.0 (28.6730,21.3399) (29.8327,21.2809) (11.7955,2.2470)
182.0 (28.6730,21.3399) (29.8327,21.2809) (11.7921,2.2472)
183.0 (28.6730,21.3399) (29.8327,21.2809) (11.7894,2.2473)
184.0 (28.6730,21.3399) (29.8327,21.2809) (11.7874,2.2473)
185.0 (28.6730,21.3399) (29.8326,21.2809) (11.7857,2.2474)
186.0 (28.6730,21.3399) (29.8326,21.2809) (11.7844,2.2474)
187.0 (28.6730,21.3399) (29.8326,21.2809) (11.7834,2.2474)
188.0 (28.6730,21.3399) (29.8326,21.2809) (11.7826,2.2475)
189.0 (28.6730,21.3399) (29.8326,21.2809) (11.7820,2.2475)
190.0 (28.6730,21.3399) (29.8326,21.2809) (11.7815,2.2475)
191.0 (28.6730,21.3399) (29.8326,21.2809) (11.7811,2.2475)
192.0 (28.6730,21.3399) (29.8326,21.2809) (11.7808,2.2475)
193.0 (28.6730,21.3399) (29.8326,21.2809) (11.7806,2.2475)
194.0 (28.6730,21.3399) (29.8326,21.2809) (11.7804,2.2475)
195.0 (28.6730,21.3399) (29.8326,21.2809) (11.7802,2.2475)
196.0 (28.6730,21.3399) (29.8326,21.2809) (11.7801,2.2475)
197.0 (28.6730,21.3399) (29.8326,21.2809) (11.7800,2.2475)
