0.0 (13.8000,7.5000,5.0000) (15.2000,6.5000,5.0000) (16.2000,5.0000,5.0000)
1.0 (14.2976,8.3674,5.0000) (15.7020,7.3649,5.0000) (16.6832,5.8755,5.0000)
2.0 (14.7951,9.2349,5.0000) (16.2040,8.2297,5.0000) (17.1665,6.7510,5.0000)
3.0 (15.2926,10.1022,5.0000) (16.7059,9.0946,5.0000) (17.6497,7.6265,5.0000)
4.0 (15.7902,10.9697,5.0000) (17.2079,9.9594,5.0000) (18.1330,8.5020,5.0000)
5.0 (16.2877,11.8371,5.0000) (17.7098,10.8244,5.0000) (18.6163,9.3774,5.0000)
6.0 (16.7852,12.7046,5.0000) (18.2118,11.6893,5.0000) (19.0996,10.2529,5.0000)
7.0 (17.2828,13.5721,5.0000) (18.7138,12.5542,5.0000) (19.5828,11.1284,5.0000)
8.0 (17.7803,14.4395,5.0000) (19.2158,13.4191,5.0000) (20.0661,12.0038,5.0000)
9.0 (18.2778,15.3069,5.0000) (19.7177,14.2840,5.0000) (20.5493,12.8794,5.0000)
10.0 (18.7754,16.1744,5.0000) (20.2196,15.1489,5.0000) (21.0326,13.7548,5.0000)
11.0 (19.2729,17.0418,5.0000) (20.7216,16.0138,5.0000) (21.5159,14.6303,5.0000)
12.0 (19.7704,17.9091,5.0000) (21.2236,16.8786,5.0000) (21.9991,15.5057,5.0000)
13.0 (20.2680,18.7766,5.0000) (21.7255,17.7435,5.0000) (22.4824,16.3813,5.0000)
14.0 (20.7656,19.6441,5.0000) (22.2275,18.6084,5.0000) (22.9657,17.2567,5.0000)
15.0 (21.2631,20.5115,5.0000) (22.7295,19.4732,5.0000) (23.4490,18.1322,5.0000)
16.0 (21.7607,21.3790,5.0000) (23.2315,20.3381,5.0000) (23.9323,19.0077,5.0000)
17.0 (22.2582,21.4890,5.0000) (23.7334,21.2030,5.0000) (24.4156,19.8833,5.0000)
18.0 (22.7325,21.4990,5.0000) (24.4766,21.7233,5.0000) (24.8988,20.7587,5.0000)
19.0 (23.1808,21.4999,5.0000) (24.9501,22.6042,5.0000) (25.4251,21.4527,5.0000)
20.0 (23.6028,21.5000,5.0000) (25.4235,23.4850,5.0000) (25.8970,22.3344,5.0000)
21.0 (23.9993,21.5000,5.0000) (25.8970,24.3659,5.0000) (26.3689,23.2160,5.0000)
22.0 (24.3707,21.5000,5.0000) (26.3704,25.2467,5.0000) (26.8408,24.0977,5.0000)
23.0 (24.8354,22.3624,5.0000) (26.8438,26.1276,5.0000) (27.3128,24.9794,5.0000)
24.0 (25.1724,23.3039,5.0000) (27.3172,27.0084,5.0000) (27.7847,25.8610,5.0000)
25.0 (25.5093,24.2455,5.0000) (27.7907,27.8893,5.0000) (28.2566,26.7426,5.0000)
26.0 (25.8462,25.1870,5.0000) (28.2640,28.7701,5.0000) (28.7284,27.6242,5.0000)
27.0 (26.1832,26.1286,5.0000) (28.7374,29.6509,5.0000) (29.2003,28.5059,5.0000)
28.0 (26.5201,27.0701,5.0000) (29.2109,30.5318,5.0000) (29.6723,29.3876,5.0000)
29.0 (26.8570,28.0117,5.0000) (29.6843,31.4126,5.0000) (30.0000,30.0000,5.0000)
30.0 (27.1939,28.9531,5.0000) (30.0000,31.9999,5.0000) (30.0000,30.0000,5.0000)
31.0 (27.5309,29.8947,5.0000) (30.0000,31.9999,5.0000) (30.0000,30.0000,5.0000)
32.0 (27.8678,30.8363,5.0000) (30.0000,32.0000,5.0000) (30.0000,30.0001,5.0000)
33.0 (28.2048,31.7778,5.0000) (30.0000,32.0000,5.0000) (30.0000,29.9999,5.0000)
34.0 (28.5418,32.7193,5.0000) (30.0000,32.0000,5.0000) (30.0000,29.9999,5.0000)
35.0 (28.8786,33.6608,5.0000) (30.0000,32.0000,5.0000) (30.0000,30.0000,5.0000)
36.0 (28.8786,33.6608,5.0000) (30.0000,32.0000,5.0000) (30.0000,30.0000,5.0000)
37.0 (28.8786,33.6608,5.0000) (30.0000,32.0000,5.0000) (30.0000,30.0000,5.0000)
38.0 (28.8786,33.6608,5.0000) (30.0000,32.0000,5.0000) (30.0000,30.0000,5.0000)
39.0 (28.8786,33.6608,5.0000) (30.0000,32.0000,5.0000) (30.0000,30.0000,5.0000)
40.0 (28.8786,33.6608,5.0000) (30.0000,32.0000,5.0000) (30.0000,30.0000,5.0000)
41.0 (28.8786,33.6608,5.0000) (30.0000,32.0000,5.0000) (30.0000,30.0000,5.0000)
42.0 (28.8786,33.6608,5.0000) (30.0000,32.0000,5.0000) (30.0000,30.0000,5.0000)
43.0 (28.8786,33.6608,5.0000) (30.0000,32.0000,5.0000) (30.0000,30.0000,5.0000)
44.0 (28.8786,33.6608,5.0000) (30.0000,32.0000,5.0000) (30.0000,30.0000,5.0000)
45.0 (28.8786,33.6608,5.0000) (30.0000,32.0000,5.0000) (30.0000,30.0000,5.0000)
46.0 (28.8786,33.6608,5.0000) (30.0000,32.0000,5.0000) (30.0000,30.0000,5.0000)
47.0 (28.8786,33.6608,5.0000) (30.0000,32.0000,5.0000) (30.0000,30.0000,5.0000)
48.0 (28.8786,33.6608,5.0000) (30.0000,32.0000,5.0000) (30.0000,30.0000,5.0000)
49.0 (28.8786,33.6608,5.0000) (30.0000,32.0000,5.0000) (30.0000,30.0000,5.0000)
50.0 (28.8786,33.6608,5.0000) (30.0000,32.0000,5.0000) (30.0000,30.0000,5.0000)
51.0 (28.8786,33.6608,5.0000) (30.0000,32.0000,5.0000) (30.0000,30.0000,5.0000)
52.0 (28.8786,33.6608,5.0000) (30.0000,32.0000,5.0000) (30.0000,30.0000,5.0000)
53.0 (28.8786,33.6608,5.0000) (30.0000,32.0000,5.0000) (30.0000,30.0000,5.0000)
54.0 (28.8786,33.6608,5.0000) (30.0000,32.0000,5.0000) (30.0000,30.0000,5.0000)
55.0 (28.8786,33.6608,5.0000) (30.0000,32.0000,5.0000) (30.0000,30.0000,5.0000)
56.0 (28.8786,33.6608,5.0000) (30.0000,32.0000,5.0000) (30.0000,30.0000,5.0000)
57.0 (28.8786,33.6608,5.0000) (30.0000,32.0000,5.0000) (30.0000,30.0000,5.0000)
58.0 (28.8786,33.6608,5.0000) (30.0000,32.0000,5.0000) (30.0000,30.0000,5.0000)
59.0 (28.8786,33.6608,5.0000) (30.0000,32.0000,5.0000) (30.0000,30.0000,5.0000)
60.0 (28.8786,33.6608,5.0000) (30.0000,32.0000,5.0000) (30.0000,30.0000,5.0000)
61.0 (28.8786,33.6608,5.0000) (30.0000,32.0000,5.0000) (30.0000,30.0000,5.0000)
62.0 (28.8786,33.6608,5.0000) (30.0000,32.0000,5.0000) (30.0000,30.0000,5.0000)
63.0 (28.8786,33.6608,5.0000) (30.0000,32.0000,5.0000) (30.0000,30.0000,5.0000)
64.0 (28.8786,33.6608,5.0000) (30.0000,32.0000,5.0000) (30.0000,30.0000,5.0000)
65.0 (28.8786,33.6608,5.0000) (30.0000,32.0000,5.0000) (30.0000,30.0000,5.0000)
66.0 (28.8786,33.6608,5.0000) (30.0000,32.0000,5.0000) (30.0000,30.0000,5.0000)
67.0 (28.8786,33.6608,5.0000) (30.0000,32.0000,5.0000) (30.0000,30.0000,5.0000)
68.0 (28.8786,33.6608,5.0000) (30.0000,32.0000,5.0000) (30.0000,30.0000,5.0000)
69.0 (28.8786,33.6608,5.0000) (30.0000,32.0000,5.0000) (30.0000,30.0000,5.0000)
70.0 (28.8786,33.6608,5.0000) (30.0000,32.0000,5.0000) (30.0000,30.0000,5.0000)
71.0 (28.8786,33.6608,5.0000) (30.0000,32.0000,5.0000) (30.0000,30.0000,5.0000)
72.0 (28.8786,33.6608,5.0000) (30.0000,32.0000,5.0000) (30.0000,30.0000,5.0000)
73.0 (28.8786,33.6608,5.0000) (30.0000,32.0000,5.0000) (30.0000,30.0000,5.0000)
74.0 (28.8786,33.6608,5.0000) (30.0000,32.0000,5.0000) (30.0000,30.0000,5.0000)
75.0 (28.8786,33.6608,5.0000) (30.0000,32.0000,5.0000) (30.0000,30.0000,5.0000)
76.0 (28.8786,33.6608,5.0000) (30.0000,32.0000,5.0000) (30.0000,30.0000,5.0000)
77.0 (28.8786,33.6608,5.0000) (30.0000,32.0000,5.0000) (30.0000,30.0000,5.0000)
78.0 (28.8786,33.6608,5.0000) (30.0000,32.0000,5.0000) (30.0000,30.0000,5.0000)
79.0 (28.8786,33.6608,5.0000) (30.0000,32.0000,5.0000) (30.0000,30.0000,5.0000)