0.0 (8.2330,4.5811) (9.5392,4.2640) (32.6271,21.3009)
1.0 (8.4660,4.6626) (9.7782,4.3284) (32.5537,21.1024)
2.0 (8.6988,4.7445) (10.0171,4.3932) (32.4800,20.9046)
3.0 (8.9316,4.8268) (10.2557,4.4584) (32.4058,20.7074)
4.0 (9.1642,4.9095) (10.4941,4.5241) (32.3313,20.5109)
5.0 (9.3967,4.9926) (10.7324,4.5901) (32.2563,20.3150)
6.0 (9.6291,5.0760) (10.9704,4.6565) (32.1809,20.1197)
7.0 (9.8614,5.1599) (11.2082,4.7233) (32.1051,19.9252)
8.0 (10.0936,5.2441) (11.4458,4.7905) (32.0289,19.7313)
9.0 (10.3256,5.3288) (11.6832,4.8582) (31.9522,19.5382)
10.0 (10.5575,5.4139) (11.9204,4.9261) (31.8751,19.3457)
11.0 (10.7893,5.4995) (12.1574,4.9944) (31.7975,19.1539)
12.0 (11.0209,5.5854) (12.3942,5.0631) (31.7195,18.9628)
13.0 (11.2524,5.6718) (12.6308,5.1322) (31.6411,18.7725)
14.0 (11.4838,5.7586) (12.8672,5.2017) (31.5623,18.5828)
15.0 (11.7150,5.8459) (13.1033,5.2715) (31.4830,18.3938)
16.0 (11.9460,5.9336) (13.3392,5.3417) (31.4033,18.2056)
17.0 (12.1768,6.0218) (13.5749,5.4123) (31.3231,18.0180)
18.0 (12.4072,6.1105) (13.8103,5.4834) (31.2425,17.8312)
19.0 (12.6374,6.1998) (14.0455,5.5548) (31.1615,17.6452)
20.0 (12.8672,6.2897) (14.2805,5.6267) (31.0800,17.4598)
21.0 (13.0966,6.3801) (14.5151,5.6990) (30.9980,17.2752)
22.0 (13.3258,6.4711) (14.7494,5.7718) (30.9156,17.0914)
23.0 (13.5347,6.5789) (14.9788,5.8633) (30.8327,16.9083)
24.0 (13.7632,6.6710) (15.2126,5.9370) (30.7494,16.7259)
25.0 (13.9913,6.7638) (15.4460,6.0112) (30.6656,16.5443)
26.0 (14.2190,6.8571) (15.6792,6.0858) (30.5813,16.3635)
27.0 (14.4463,6.9511) (15.9122,6.1608) (30.4966,16.1835)
28.0 (14.6732,7.0456) (16.1448,6.2363) (30.4114,16.0042)
29.0 (14.8998,7.1407) (16.3772,6.3122) (30.3257,15.8257)
30.0 (15.1259,7.2364) (16.6093,6.3886) (30.2396,15.6480)
31.0 (15.3516,7.3327) (16.8409,6.4654) (30.1529,15.4711)
32.0 (15.5769,7.4296) (17.0722,6.5427) (30.0658,15.2950)
33.0 (15.8018,7.5271) (17.3030,6.6206) (29.9782,15.1197)
34.0 (16.0262,7.6253) (17.5333,6.6989) (29.8901,14.9452)
35.0 (16.2501,7.7241) (17.7632,6.7778) (29.8016,14.7715)
36.0 (16.4736,7.8236) (17.9925,6.8573) (29.7126,14.5986)
37.0 (16.6966,7.9238) (18.2214,6.9372) (29.6231,14.4264)
38.0 (16.9190,8.0246) (18.4498,7.0178) (29.5331,14.2551)
39.0 (17.1410,8.1260) (18.6778,7.0988) (29.4426,14.0845)
40.0 (17.3624,8.2281) (18.9052,7.1805) (29.3516,13.9148)
41.0 (17.5833,8.3309) (19.1321,7.2628) (29.2601,13.7459)
42.0 (17.8037,8.4343) (19.3585,7.3456) (29.1681,13.5779)
43.0 (18.0234,8.5384) (19.5843,7.4291) (29.0756,13.4107)
44.0 (18.2427,8.6432) (19.8093,7.5134) (28.9826,13.2443)
45.0 (18.4614,8.7486) (20.0337,7.5985) (28.8891,13.0787)
46.0 (18.6796,8.8546) (20.2573,7.6844) (28.7951,12.9141)
47.0 (18.8972,8.9614) (20.4802,7.7712) (28.7005,12.7502)
48.0 (19.1143,9.0690) (20.7022,7.8589) (28.6054,12.5873)
49.0 (19.3359,9.1663) (20.9316,7.9350) (28.5098,12.4252)
50.0 (19.5516,9.2757) (21.1520,8.0248) (28.4137,12.2640)
51.0 (19.7665,9.3859) (21.3716,8.1155) (28.3171,12.1037)
52.0 (19.9808,9.4970) (21.5903,8.2072) (28.2199,11.9443)
53.0 (20.1943,9.6090) (21.8081,8.2999) (28.1222,11.7857)
54.0 (20.4071,9.7220) (22.0251,8.3936) (28.0239,11.6281)
55.0 (20.6191,9.8359) (22.2411,8.4882) (27.9251,11.4714)
56.0 (20.8303,9.9507) (22.4562,8.5839) (27.8258,11.3156)
57.0 (21.0407,10.0664) (22.6704,8.6806) (27.7259,11.1607)
58.0 (21.2502,10.1831) (22.8836,8.7783) (27.6255,11.0067)
59.0 (21.4588,10.3007) (23.0958,8.8771) (27.5246,10.8537)
60.0 (21.6665,10.4193) (23.3067,8.9769) (27.4230,10.7016)
61.0 (21.8724,10.5412) (23.5163,9.0782) (27.3210,10.5505)
62.0 (22.0783,10.6618) (23.7247,9.1803) (27.2184,10.4003)
63.0 (22.2832,10.7834) (23.9317,9.2835) (27.1153,10.2510)
64.0 (22.5087,10.8590) (24.1057,9.4202) (26.9622,10.1123)
65.0 (22.7116,10.9822) (24.2619,9.5870) (26.8193,9.9694)
66.0 (22.9137,11.1057) (24.4211,9.7506) (26.6834,9.8255)
67.0 (23.1151,11.2296) (24.5834,9.9111) (26.5530,9.6816)
68.0 (23.3156,11.3540) (24.7497,10.0683) (26.4264,9.5379)
69.0 (23.5150,11.4791) (24.9205,10.2220) (26.3021,9.3945)
70.0 (23.7131,11.6050) (25.0958,10.3722) (26.1788,9.2512)
71.0 (23.9097,11.7318) (25.2721,10.5212) (26.0542,9.1081)
72.0 (24.1049,11.8596) (25.4470,10.6717) (25.9262,8.9656)
73.0 (24.2986,11.9884) (25.6188,10.8254) (25.7955,8.8242)
74.0 (24.4907,12.1183) (25.7873,10.9829) (25.6618,8.6840)
75.0 (24.5189,12.2634) (26.1798,11.0427) (25.5530,8.5448)
76.0 (24.7081,12.3972) (26.3362,11.2110) (25.4107,8.4074)
77.0 (24.8957,12.5320) (26.4874,11.3841) (25.2636,8.2710)
78.0 (25.0816,12.6676) (26.6754,11.5000) (25.1534,8.1350)
79.0 (25.2655,12.8049) (26.8615,11.6174) (25.0425,8.0002)
80.0 (25.4472,12.9438) (27.0455,11.7364) (24.9310,7.8669)
81.0 (25.6266,13.0844) (27.2273,11.8569) (24.8189,7.7348)
82.0 (25.8038,13.2268) (27.4067,11.9790) (24.7062,7.6041)
83.0 (25.9786,13.3708) (27.5835,12.1027) (24.5929,7.4747)
84.0 (26.1512,13.5166) (27.7575,12.2279) (24.4790,7.3466)
85.0 (26.3212,13.6642) (27.9285,12.3548) (24.3644,7.2199)
86.0 (26.4888,13.8135) (28.0965,12.4833) (24.2492,7.0945)
87.0 (26.6535,13.9646) (28.2616,12.6134) (24.1334,6.9705)
88.0 (26.8150,14.1175) (28.4235,12.7451) (24.0171,6.8478)
89.0 (26.9641,14.2749) (28.5823,12.8785) (23.9003,6.7265)
90.0 (27.1107,14.4330) (28.7378,13.0136) (23.7829,6.6064)
91.0 (27.2549,14.5922) (28.8900,13.1504) (23.6649,6.4878)
92.0 (27.3972,14.7532) (29.0387,13.2889) (23.5465,6.3706)
93.0 (27.5375,14.9182) (29.1837,13.4292) (23.4274,6.2548)
94.0 (27.6736,15.0883) (29.3250,13.5712) (23.3079,6.1404)
95.0 (27.8041,15.2624) (29.4626,13.7149) (23.1878,6.0274)
96.0 (27.9295,15.4397) (29.5962,13.8604) (23.0672,5.9159)
97.0 (28.0503,15.6198) (29.7258,14.0076) (22.9460,5.8057)
98.0 (28.1754,15.7909) (29.8514,14.1568) (22.8243,5.6970)
99.0 (28.2958,15.9638) (29.9729,14.3075) (22.7020,5.5898)
100.0 (28.4114,16.1385) (30.0904,14.4599) (22.5792,5.4840)
101.0 (28.5219,16.3149) (30.2037,14.6138) (22.4559,5.3796)
102.0 (28.6268,16.4931) (30.3121,14.7691) (22.3320,5.2767)
103.0 (28.7262,16.6730) (30.4156,14.9257) (22.2076,5.1752)
104.0 (28.8197,16.8548) (30.5142,15.0836) (22.0826,5.0752)
105.0 (28.9073,17.0383) (30.6078,15.2428) (21.9571,4.9767)
106.0 (28.9889,17.2236) (30.6964,15.4033) (21.8310,4.8796)
107.0 (29.0642,17.4106) (30.7800,15.5651) (21.7042,4.7840)
108.0 (29.1331,17.5994) (30.8584,15.7282) (21.5767,4.6899)
109.0 (29.1955,17.7898) (30.9317,15.8924) (21.4486,4.5972)
110.0 (29.2512,17.9819) (30.9996,16.0577) (21.3197,4.5060)
111.0 (29.2990,18.1752) (31.0609,16.2234) (21.1901,4.4163)
112.0 (29.3378,18.3692) (31.1158,16.3895) (21.0598,4.3281)
113.0 (29.3678,18.5640) (31.1644,16.5560) (20.9289,4.2414)
114.0 (29.3890,18.7595) (31.2068,16.7229) (20.7972,4.1562)
115.0 (29.4013,18.9554) (31.2430,16.8901) (20.6648,4.0724)
116.0 (29.4045,19.1517) (31.2731,17.0577) (20.5318,3.9902)
117.0 (29.3987,19.3484) (31.2969,17.2255) (20.3980,3.9095)
118.0 (29.3837,19.5452) (31.3141,17.3935) (20.2636,3.8303)
119.0 (29.3594,19.7422) (31.3249,17.5616) (20.1284,3.7527)
120.0 (29.3257,19.9392) (31.3291,17.7298) (19.9926,3.6765)
121.0 (29.2814,20.1358) (31.3268,17.8980) (19.8560,3.6020)
122.0 (29.2819,20.2779) (31.3532,18.0421) (19.7188,3.5289)
123.0 (29.2690,20.4148) (31.3718,18.1857) (19.5809,3.4575)
124.0 (29.2495,20.5398) (31.3827,18.3287) (19.4423,3.3876)
125.0 (29.2252,20.6530) (31.3861,18.4712) (19.3031,3.3193)
126.0 (29.1960,20.7539) (31.3824,18.6130) (19.1631,3.2525)
127.0 (29.1630,20.8419) (31.3720,18.7544) (19.0224,3.1874)
128.0 (29.1274,20.9183) (31.3556,18.8949) (18.8811,3.1238)
129.0 (29.0909,20.9826) (31.3333,19.0347) (18.7391,3.0619)
130.0 (29.0088,21.0837) (31.2715,19.1953) (18.5964,3.0014)
131.0 (28.9372,21.1645) (31.2055,19.3545) (18.4530,2.9425)
132.0 (28.8774,21.2263) (31.1358,19.5121) (18.3090,2.8851)
133.0 (28.8277,21.2712) (31.0626,19.6680) (18.1643,2.8292)
134.0 (28.7877,21.3032) (30.9857,19.8220) (18.0190,2.7749)
135.0 (28.7563,21.3257) (30.9053,19.9739) (17.8729,2.7222)
136.0 (28.7323,21.3414) (30.8211,20.1237) (17.7263,2.6713)
137.0 (28.7144,21.3514) (30.7335,20.2709) (17.5792,2.6222)
138.0 (28.7011,21.3577) (30.6422,20.4153) (17.4315,2.5750)
139.0 (28.6913,21.3614) (30.5468,20.5568) (17.2833,2.5296)
140.0 (28.6843,21.3632) (30.4583,20.6835) (17.1346,2.4862)
141.0 (28.6793,21.3637) (30.3765,20.7955) (16.9853,2.4447)
142.0 (28.6758,21.3634) (30.3017,20.8938) (16.8356,2.4052)
143.0 (28.6736,21.3624) (30.2340,20.9789) (16.6853,2.3675)
144.0 (28.6721,21.3610) (30.1721,21.0481) (16.5345,2.3318)
145.0 (28.6712,21.3594) (30.1162,21.1031) (16.3832,2.2981)
146.0 (28.6706,21.3576) (30.0664,21.1463) (16.2313,2.2664)
147.0 (28.6703,21.3558) (30.0228,21.1801) (16.0790,2.2367)
148.0 (28.6701,21.3541) (29.9854,21.2064) (15.9261,2.2090)
149.0 (28.6701,21.3523) (29.9541,21.2264) (15.7728,2.1834)
150.0 (28.6702,21.3506) (29.9285,21.2413) (15.6191,2.1598)
151.0 (28.6704,21.3490) (29.9077,21.2523) (15.4650,2.1383)
152.0 (28.6706,21.3476) (29.8911,21.2604) (15.3107,2.1190)
153.0 (28.6708,21.3463) (29.8781,21.2662) (15.1560,2.1020)
154.0 (28.6711,21.3452) (29.8679,21.2704) (15.0011,2.0871)
155.0 (28.6713,21.3442) (29.8599,21.2734) (14.8458,2.0746)
156.0 (28.6715,21.3434) (29.8537,21.2756) (14.6904,2.0645)
157.0 (28.6718,21.3427) (29.8489,21.2772) (14.5347,2.0568)
158.0 (28.6720,21.3422) (29.8452,21.2783) (14.3788,2.0516)
159.0 (28.6721,21.3417) (29.8423,21.2791) (14.2227,2.0489)
160.0 (28.6723,21.3413) (29.8400,21.2797) (14.0663,2.0487)
161.0 (28.6724,21.3410) (29.8383,21.2801) (13.9098,2.0512)
162.0 (28.6725,21.3408) (29.8370,21.2803) (13.7531,2.0563)
163.0 (28.6726,21.3406) (29.8359,21.2805) (13.5964,2.0645)
164.0 (28.6727,21.3404) (29.8352,21.2807) (13.4399,2.0758)
165.0 (28.6727,21.3403) (29.8346,21.2808) (13.2834,2.0902)
166.0 (28.6728,21.3402) (29.8341,21.2808) (13.1272,2.1076)
167.0 (28.6728,21.3401) (29.8337,21.2809) (12.9712,2.1279)
168.0 (28.6729,21.3401) (29.8335,21.2809) (12.8156,2.1511)
169.0 (28.6729,21.3400) (29.8333,21.2809) (12.6726,2.1716)
170.0 (28.6729,21.3400) (29.8331,21.2809) (12.5430,2.1884)
171.0 (28.6729,21.3400) (29.8330,21.2809) (12.4256,2.2021)
172.0 (28.6729,21.3399) (29.8329,21.2809) (12.3202,2.2118)
173.0 (28.6730,21.3399) (29.8328,21.2809) (12.2271,2.2180)
174.0 (28.6730,21.3399) (29.8328,21.2809) (12.1463,2.2223)
175.0 (28.6730,21.3399) (29.8328,21.2809) (12.0784,2.2261)
176.0 (28.6730,21.3399) (29.8327,21.2809) (12.0219,2.2294)
177.0 (28.6730,21.3399) (29.8327,21.2809) (11.9759,2.2325)
178.0 (28.6730,21.3399) (29.8327,21.2809) (11.9383,2.2354)
179.0 (28.6730,21.3399) (29.8327,21.2809) (11.9076,2.2381)
180.0 (28.6730,21.3399) (29.8327,21.2809) (11.8826,2.2404)
181.0 (28.6730,21.3399) (29.8327,21.2809) (11.8621,2.2422)
182.0 (28.6730,21.3399) (29.8327,21.2809) (11.8454,2.2436)
183.0 (28.6730,21.3399) (29.8327,21.2809) (11.8320,2.2446)
184.0 (28.6730,21.3399) (29.8326,21.2809) (11.8212,2.2454)
185.0 (28.6730,21.3399) (29.8326,21.2809) (11.8126,2.2459)
186.0 (28.6730,21.3399) (29.8326,21.2809) (11.8057,2.2463)
187.0 (28.6730,21.3399) (29.8326,21.2809) (11.8001,2.2467)
188.0 (28.6730,21.3399) (29.8326,21.2809) (11.7958,2.2469)
189.0 (28.6730,21.3399) (29.8326,21.2809) (11.7924,2.2471)
190.0 (28.6730,21.3399) (29.8326,21.2809) (11.7897,2.2472)
191.0 (28.6730,21.3399) (29.8326,21.2809) (11.7875,2.2473)
192.0 (28.6730,21.3399) (29.8326,21.2809) (11.7859,2.2474)
193.0 (28.6730,21.3399) (29.8326,21.2809) (11.7845,2.2474)
194.0 (28.6730,21.3399) (29.8326,21.2809) (11.7835,2.2474)
195.0 (28.6730,21.3399) (29.8326,21.2809) (11.7827,2.2474)
196.0 (28.6730,21.3399) (29.8326,21.2809) (11.7820,2.2475)
197.0 (28.6730,21.3399) (29.8326,21.2809) (11.7815,2.2475)
