0.0 (14.2976,8.3674) (15.7020,7.3649) (16.6833,5.8755)
1.0 (14.7951,9.2348) (16.2040,8.2298) (17.1665,6.7509)
2.0 (15.2926,10.1023) (16.7060,9.0947) (17.6498,7.6264)
3.0 (15.7902,10.9697) (17.2080,9.9597) (18.1330,8.5019)
4.0 (16.2877,11.8372) (17.7100,10.8246) (18.6162,9.3773)
5.0 (16.7853,12.7046) (18.2120,11.6895) (19.0995,10.2528)
6.0 (17.2830,13.5721) (18.7139,12.5544) (19.5827,11.1283)
7.0 (17.7805,14.4396) (19.2158,13.4193) (20.0660,12.0037)
8.0 (18.2781,15.3069) (19.7178,14.2842) (20.5493,12.8793)
9.0 (18.7756,16.1743) (20.2198,15.1491) (21.0326,13.7547)
10.0 (19.2732,17.0417) (20.7218,16.0139) (21.5158,14.6301)
11.0 (19.7707,17.9091) (21.2238,16.8788) (21.9990,15.5056)
12.0 (20.2683,18.7766) (21.7257,17.7438) (22.4822,16.3812)
13.0 (20.7659,19.6440) (22.2276,18.6087) (22.9655,17.2567)
14.0 (21.2634,20.5115) (22.7296,19.4735) (23.4488,18.1321)
15.0 (21.7609,21.3789) (23.2316,20.3384) (23.8343,19.0548)
16.0 (22.2584,21.4890) (21.5331,21.3944) (24.4039,19.6359)
17.0 (22.7328,21.4990) (20.9233,22.5354) (24.8791,20.5159)
18.0 (23.1809,21.4999) (21.4476,23.2572) (25.3542,21.3959)
19.0 (23.6030,21.5000) (21.4952,23.9721) (25.8292,22.2758)
20.0 (23.9994,21.5000) (21.4996,24.6585) (26.3044,23.1557)
21.0 (24.3708,21.5000) (21.5000,25.3122) (26.7795,24.0357)
22.0 (24.8355,22.3624) (21.5000,25.9306) (27.2545,24.9156)
23.0 (25.1724,23.3040) (21.5000,26.4482) (27.7296,25.7955)
24.0 (25.5093,24.2454) (21.5000,26.4953) (28.2047,26.6754)
25.0 (25.8462,25.1870) (21.5000,26.4996) (28.6798,27.5553)
26.0 (26.1831,26.1286) (21.5000,26.5000) (29.1550,28.4353)
27.0 (26.5200,27.0701) (21.5000,26.5000) (29.6302,29.3152)
28.0 (26.8570,28.0116) (21.5000,26.5000) (30.0000,29.9999)
29.0 (27.1939,28.9531) (21.5000,26.5000) (30.0000,30.0000)
30.0 (27.5308,29.8946) (21.5000,26.5000) (29.4462,30.6615)
31.0 (27.8677,30.8362) (21.5000,26.5000) (29.9999,30.0000)
32.0 (28.2047,31.7777) (21.5000,26.5000) (30.0001,30.0000)
33.0 (28.5416,32.7192) (21.5000,26.5000) (29.9999,30.0000)
34.0 (28.8786,33.6607) (21.5000,26.5000) (30.0000,30.0001)
35.0 (28.9999,34.0000) (21.5000,26.5000) (30.3019,29.0468)
36.0 (29.0000,34.0001) (21.5000,26.5000) (30.0001,30.0000)
37.0 (28.9999,34.0000) (21.5000,26.5000) (29.0035,29.9176)
38.0 (29.0000,34.0000) (21.5000,26.5000) (30.0000,30.0000)
39.0 (29.0000,34.0000) (21.5000,26.5000) (30.0000,30.0000)
