0.0 (14.2976,8.3673) (15.7114,7.3593) (16.6833,5.8755)
1.0 (14.7952,9.2347) (16.2130,8.2244) (17.1666,6.7510)
2.0 (15.0315,9.9798) (16.9954,9.1698) (17.6498,7.6265)
3.0 (15.5343,10.8442) (17.4904,10.0387) (18.1331,8.5020)
4.0 (16.0370,11.7086) (17.9854,10.9077) (18.6164,9.3774)
5.0 (16.5397,12.5731) (18.4804,11.7766) (19.0996,10.2528)
6.0 (17.0424,13.4376) (18.9753,12.6455) (19.5829,11.1283)
7.0 (17.5452,14.3021) (19.4703,13.5144) (20.0661,12.0038)
8.0 (18.0479,15.1665) (19.9653,14.3834) (20.5494,12.8792)
9.0 (18.5506,16.0310) (20.4601,15.2523) (21.0327,13.7546)
10.0 (19.0533,16.8954) (20.9551,16.1213) (21.5160,14.6302)
11.0 (19.5560,17.7598) (21.4500,16.9902) (21.9993,15.5056)
12.0 (20.0587,18.6243) (21.9450,17.8591) (22.4826,16.3810)
13.0 (20.5614,19.4889) (22.4399,18.7279) (22.9659,17.2565)
14.0 (21.0641,20.3533) (22.9349,19.5968) (23.4491,18.1320)
15.0 (21.5668,21.2177) (23.4298,20.4657) (23.9323,19.0076)
16.0 (21.4953,22.0317) (23.9247,21.3346) (24.4155,19.8831)
17.0 (21.4996,22.8788) (24.6644,21.8572) (24.8989,20.7586)
18.0 (21.5000,23.7079) (25.1300,22.7422) (25.3821,21.6340)
19.0 (21.5000,24.5161) (25.5956,23.6272) (25.8654,22.5095)
20.0 (21.5000,25.3005) (25.9391,24.5663) (26.3486,23.3850)
21.0 (21.5000,26.0579) (26.4185,25.4439) (26.8319,24.2605)
22.0 (21.5000,26.4598) (26.8980,26.3214) (27.3152,25.1359)
23.0 (21.5000,26.4963) (27.3774,27.1989) (27.7984,26.0114)
24.0 (21.5000,26.4997) (27.8568,28.0765) (28.2816,26.8870)
25.0 (21.5000,26.5000) (28.3362,28.9541) (28.7649,27.7624)
26.0 (21.5000,26.5000) (28.8156,29.8317) (29.2481,28.6379)
27.0 (21.5000,26.5000) (29.3699,30.6640) (29.7314,29.5134)
28.0 (21.5000,26.5000) (29.7965,31.5684) (30.0000,29.9999)
29.0 (21.5000,26.5000) (30.0000,32.0000) (30.0000,30.0000)
30.0 (21.5000,26.5000) (29.7153,31.0413) (30.0000,30.0001)
31.0 (21.5000,26.5000) (30.0000,32.0000) (30.1787,29.7664)
32.0 (21.5000,26.5000) (30.0001,32.0000) (30.0000,30.0000)
33.0 (21.5000,26.5000) (30.0001,32.0000) (30.0000,30.0000)
34.0 (21.5000,26.5000) (30.0001,32.0000) (30.0001,30.0000)
35.0 (21.5000,26.5000) (30.0000,32.0000) (30.0000,30.0000)
36.0 (21.5000,26.5000) (30.0000,32.0000) (30.0000,30.0000)
37.0 (21.5000,26.5000) (30.0000,32.0000) (30.0000,30.0000)
38.0 (21.5000,26.5000) (30.0001,31.9999) (30.0001,30.0000)
39.0 (21.5000,26.5000) (30.0001,32.0000) (30.0000,30.0000)
