0.0 (3.5289,6.8888) (5.7160,6.2112) (8.0318,5.1796)
1.0 (3.7575,6.9779) (5.9318,6.3227) (8.2634,5.2596)
2.0 (3.9860,7.0673) (6.1474,6.4346) (8.4947,5.3401)
3.0 (4.2142,7.1569) (6.3629,6.5469) (8.7256,5.4209)
4.0 (4.4423,7.2468) (6.5781,6.6596) (8.9563,5.5022)
5.0 (4.6701,7.3369) (6.7932,6.7726) (9.1866,5.5839)
6.0 (4.8977,7.4274) (7.0080,6.8861) (9.4167,5.6660)
7.0 (5.1251,7.5181) (7.2226,7.0000) (9.6464,5.7486)
8.0 (5.3522,7.6092) (7.4369,7.1143) (9.8758,5.8316)
9.0 (5.5791,7.7005) (7.6511,7.2291) (10.1048,5.9151)
10.0 (5.8058,7.7921) (7.8649,7.3443) (10.3335,5.9990)
11.0 (6.0322,7.8841) (8.0786,7.4599) (10.5617,6.0835)
12.0 (6.2584,7.9763) (8.2920,7.5760) (10.7895,6.1686)
13.0 (6.2564,8.0421) (8.7513,7.6472) (11.0237,6.2348)
14.0 (6.4774,8.1397) (8.9636,7.7654) (11.2512,6.3193)
15.0 (6.6981,8.2377) (9.1755,7.8841) (11.4782,6.4044)
16.0 (6.9184,8.3361) (9.3871,8.0033) (11.7047,6.4902)
17.0 (7.1425,8.4280) (9.6230,8.0776) (11.9384,6.5573)
18.0 (7.3621,8.5275) (9.8336,8.1983) (12.1639,6.6442)
19.0 (7.5813,8.6274) (10.0439,8.3195) (12.3890,6.7317)
20.0 (7.8000,8.7277) (10.2538,8.4414) (12.6135,6.8198)
21.0 (8.0184,8.8285) (10.4633,8.5640) (12.8376,6.9087)
22.0 (8.2364,8.9298) (10.6724,8.6871) (13.0610,6.9983)
23.0 (8.4539,9.0315) (10.8811,8.8109) (13.2839,7.0887)
24.0 (8.6710,9.1337) (11.0894,8.9354) (13.5062,7.1799)
25.0 (8.8877,9.2364) (11.2973,9.0605) (13.7279,7.2720)
26.0 (9.1039,9.3396) (11.5298,9.1416) (13.9598,7.3414)
27.0 (9.3198,9.4434) (11.7619,9.2231) (14.1913,7.4112)
28.0 (9.5352,9.5479) (11.9937,9.3052) (14.4225,7.4814)
29.0 (9.7503,9.6530) (12.2250,9.3878) (14.6534,7.5519)
30.0 (9.9650,9.7587) (12.4560,9.4708) (14.8838,7.6229)
31.0 (10.1793,9.8651) (12.6865,9.5543) (15.1138,7.6943)
32.0 (10.3932,9.9722) (12.9166,9.6383) (15.3435,7.7662)
33.0 (10.6066,10.0799) (13.1464,9.7228) (15.5727,7.8385)
34.0 (10.8197,10.1884) (13.3756,9.8079) (15.8014,7.9113)
35.0 (11.0322,10.2976) (13.6044,9.8936) (16.0297,7.9845)
36.0 (11.2443,10.4074) (13.8325,9.9799) (16.2576,8.0583)
37.0 (11.4560,10.5180) (14.0601,10.0668) (16.4850,8.1324)
38.0 (11.6673,10.6293) (14.2872,10.1544) (16.7118,8.2071)
39.0 (11.8781,10.7413) (14.5137,10.2427) (16.9380,8.2823)
40.0 (12.0884,10.8542) (14.7395,10.3316) (17.1635,8.3580)
41.0 (12.2982,10.9678) (14.9648,10.4212) (17.3883,8.4342)
42.0 (12.5075,11.0823) (15.1894,10.5116) (17.6124,8.5109)
43.0 (12.7183,11.1905) (15.1855,10.6138) (17.8357,8.5882)
44.0 (12.9292,11.3037) (15.4085,10.7036) (18.0583,8.6660)
45.0 (13.1277,11.4219) (15.4089,10.7985) (18.2800,8.7444)
46.0 (13.1154,11.4978) (15.6320,10.8859) (18.5010,8.8233)
47.0 (13.1174,11.6152) (15.8539,10.9759) (18.7212,8.9028)
48.0 (13.1197,11.7357) (16.0746,11.0699) (18.9405,8.9828)
49.0 (13.1197,11.7997) (16.3043,11.1419) (19.1590,9.0633)
50.0 (13.1181,11.8056) (16.5351,11.2124) (19.3767,9.1444)
51.0 (13.1167,11.8110) (16.7654,11.2835) (19.5935,9.2261)
52.0 (13.1153,11.8159) (16.9952,11.3553) (19.8093,9.3084)
53.0 (13.1141,11.8205) (17.2243,11.4277) (20.0242,9.3915)
54.0 (13.1129,11.8246) (17.4528,11.5008) (20.2380,9.4752)
55.0 (13.1119,11.8284) (17.6806,11.5745) (20.4508,9.5597)
56.0 (13.1109,11.8319) (17.9077,11.6489) (20.6624,9.6450)
57.0 (13.1100,11.8352) (18.1340,11.7240) (20.8728,9.7311)
58.0 (13.1092,11.8381) (18.3593,11.7999) (21.0820,9.8181)
59.0 (13.1084,11.8409) (18.5836,11.8765) (21.2900,9.9059)
60.0 (13.1077,11.8435) (18.8068,11.9539) (21.4968,9.9946)
61.0 (13.1070,11.8458) (19.0288,12.0320) (21.7023,10.0842)
62.0 (13.1064,11.8481) (19.2498,12.1109) (21.9066,10.1746)
63.0 (13.1058,11.8501) (19.4696,12.1906) (22.1097,10.2661)
64.0 (13.1053,11.8520) (19.6882,12.2711) (22.3114,10.3585)
65.0 (13.1048,11.8538) (19.9056,12.3524) (22.5119,10.4520)
66.0 (13.1043,11.8555) (20.1217,12.4345) (22.7110,10.5465)
67.0 (13.1039,11.8570) (20.3364,12.5177) (22.9087,10.6419)
68.0 (13.1035,11.8585) (20.5496,12.6018) (23.1052,10.7383)
69.0 (13.1031,11.8598) (20.7613,12.6871) (23.3003,10.8356)
70.0 (13.1027,11.8611) (20.9712,12.7737) (23.4940,10.9339)
71.0 (13.1024,11.8623) (21.1793,12.8614) (23.6864,11.0332)
72.0 (13.1021,11.8634) (21.3474,13.0132) (23.8627,11.1596)
73.0 (13.1018,11.8644) (21.5527,13.1030) (24.0518,11.2607)
74.0 (13.1015,11.8653) (21.7563,13.1941) (24.2392,11.3628)
75.0 (13.1012,11.8662) (21.9579,13.2866) (24.4247,11.4660)
76.0 (13.1010,11.8671) (22.1576,13.3806) (24.6085,11.5702)
77.0 (13.1008,11.8679) (22.3555,13.4760) (24.7904,11.6754)
78.0 (13.1005,11.8686) (22.5514,13.5727) (24.9704,11.7816)
79.0 (13.1003,11.8693) (22.7453,13.6709) (25.1486,11.8889)
80.0 (13.1001,11.8700) (22.9009,13.8327) (25.3082,12.0272)
81.0 (13.1000,11.8706) (23.0911,13.9332) (25.4828,12.1365)
82.0 (13.3260,11.9366) (23.2416,14.0975) (25.6382,12.2767)
83.0 (13.3231,11.9922) (23.4275,14.2005) (25.8093,12.3879)
84.0 (13.3198,12.0446) (23.5728,14.3673) (25.9604,12.5301)
85.0 (13.3159,12.0929) (23.7541,14.4728) (26.1278,12.6432)
86.0 (13.3115,12.1366) (23.8939,14.6422) (26.2745,12.7875)
87.0 (13.3068,12.1749) (24.0706,14.7503) (26.4380,12.9027)
88.0 (13.3020,12.2072) (24.2444,14.8600) (26.5993,13.0189)
89.0 (13.2974,12.2340) (24.3751,15.0333) (26.7392,13.1662)
90.0 (13.2932,12.2558) (24.5440,15.1456) (26.8965,13.2845)
91.0 (13.2894,12.2739) (24.6683,15.3215) (27.0316,13.4338)
92.0 (13.2860,12.2894) (24.8320,15.4365) (27.1849,13.5542)
93.0 (13.2828,12.3030) (24.9924,15.5532) (27.3359,13.6757)
94.0 (13.2799,12.3156) (25.1497,15.6716) (27.4847,13.7982)
95.0 (13.2770,12.3276) (25.2594,15.8526) (27.6100,13.9516)
96.0 (13.2742,12.3398) (25.4111,15.9738) (27.7546,14.0761)
97.0 (13.2712,12.3526) (25.5594,16.0966) (27.8968,14.2018)
98.0 (13.2680,12.3668) (25.7043,16.2210) (28.0368,14.3285)
99.0 (13.2644,12.3832) (25.8458,16.3470) (28.1744,14.4562)
100.0 (13.2604,12.4034) (25.9342,16.5341) (28.2865,14.6141)
101.0 (13.2558,12.4296) (26.0698,16.6627) (28.4198,14.7438)
102.0 (13.2510,12.4654) (26.2017,16.7930) (28.5507,14.8746)
103.0 (13.2475,12.5170) (26.3301,16.9248) (28.6791,15.0063)
104.0 (13.2500,12.5926) (26.4545,17.0582) (28.8052,15.1391)
105.0 (13.2671,12.6962) (26.5746,17.1931) (28.9284,15.2729)
106.0 (13.2961,12.8146) (26.6904,17.3296) (29.0488,15.4078)
107.0 (13.3151,12.9215) (26.8018,17.4675) (29.1663,15.5437)
108.0 (13.3241,13.0128) (26.9083,17.6065) (29.2809,15.6806)
109.0 (13.3292,13.0962) (27.0098,17.7463) (29.3926,15.8183)
110.0 (13.3326,13.1755) (27.1064,17.8869) (29.5012,15.9569)
111.0 (13.3349,13.2525) (27.1982,18.0283) (29.6065,16.0961)
112.0 (13.3367,13.3279) (27.2849,18.1703) (29.7084,16.2358)
113.0 (13.3381,13.4022) (27.3664,18.3128) (29.8071,16.3761)
114.0 (13.3381,13.4653) (27.4424,18.4558) (29.9026,16.5169)
115.0 (13.3381,13.5282) (27.5130,18.5992) (29.9950,16.6582)
116.0 (13.3557,13.6290) (27.5782,18.7430) (30.0841,16.8000)
117.0 (13.4916,13.7811) (27.6379,18.8871) (30.1697,16.9421)
118.0 (13.7262,13.8974) (27.6920,19.0314) (30.2519,17.0845)
119.0 (13.9513,13.9867) (27.7405,19.1757) (30.3306,17.2273)
120.0 (14.1772,14.0652) (27.7835,19.3202) (30.4056,17.3704)
121.0 (14.2082,14.1881) (27.8210,19.4646) (30.4771,17.5137)
122.0 (14.2150,14.2788) (27.8527,19.6089) (30.5449,17.6573)
123.0 (14.2104,14.3177) (27.8787,19.7530) (30.6092,17.8012)
124.0 (14.2059,14.3584) (27.8989,19.8966) (30.6699,17.9452)
125.0 (14.2019,14.4048) (27.9135,20.0400) (30.7269,18.0894)
126.0 (14.1994,14.4616) (27.9226,20.1829) (30.7802,18.2337)
127.0 (14.2017,14.5359) (27.9263,20.3253) (30.8299,18.3780)
128.0 (14.2063,14.6129) (27.9247,20.4673) (30.8759,18.5224)
129.0 (14.2237,14.7137) (27.9182,20.6090) (30.9182,18.6669)
130.0 (14.2537,14.8300) (27.9069,20.7502) (30.9570,18.8113)
131.0 (14.2812,14.9437) (27.8912,20.8908) (30.9919,18.9557)
132.0 (14.2976,15.0435) (27.8712,21.0309) (31.0231,19.1000)
133.0 (14.3073,15.1321) (27.8470,21.1705) (31.0505,19.2441)
134.0 (14.3137,15.2141) (27.8185,21.3094) (31.0741,19.3880)
135.0 (14.3183,15.2918) (27.7858,21.4478) (31.0939,19.5317)
136.0 (14.3217,15.3665) (27.7489,21.5855) (31.1100,19.6751)
137.0 (14.3217,15.4243) (27.7081,21.7221) (31.1225,19.8183)
138.0 (14.3217,15.4820) (27.6632,21.8577) (31.1313,19.9611)
139.0 (14.3217,15.5395) (27.6144,21.9922) (31.1365,20.1037)
140.0 (14.3450,15.6444) (27.5616,22.1257) (31.1382,20.2460)
141.0 (14.4838,15.7934) (27.5049,22.2580) (31.1365,20.3880)
142.0 (14.7193,15.8933) (27.4442,22.3891) (31.1315,20.5298)
143.0 (14.9451,15.9804) (27.3796,22.5191) (31.1233,20.6714)
144.0 (15.1734,16.0529) (27.3110,22.6478) (31.1120,20.8126)
145.0 (15.2065,16.1741) (27.2388,22.7751) (31.0977,20.9533)
146.0 (15.2144,16.2618) (27.1631,22.9008) (31.0806,21.0938)
147.0 (15.2154,16.3330) (27.0836,23.0246) (31.0606,21.2339)
148.0 (15.2117,16.3668) (27.0003,23.1462) (31.0379,21.3736)
149.0 (15.2083,16.4061) (26.9131,23.2656) (31.0123,21.5130)
150.0 (15.2059,16.4549) (26.8221,23.3826) (30.9839,21.6520)
151.0 (15.2069,16.5189) (26.7272,23.4972) (30.9528,21.7906)
152.0 (15.2090,16.5835) (26.6286,23.6093) (30.9189,21.9288)
153.0 (15.2208,16.6710) (26.5308,23.7149) (30.8822,22.0665)
154.0 (15.2459,16.7778) (26.4406,23.8080) (30.8429,22.2035)
155.0 (15.2746,16.8889) (26.3584,23.8884) (30.8009,22.3399)
156.0 (15.2938,16.9882) (26.2831,23.9564) (30.7563,22.4755)
157.0 (15.3049,17.0745) (26.2142,24.0135) (30.7090,22.6105)
158.0 (15.3120,17.1526) (26.1523,24.0598) (30.6592,22.7447)
159.0 (15.3169,17.2255) (26.0973,24.0973) (30.6067,22.8782)
160.0 (15.3206,17.2950) (26.0488,24.1276) (30.5516,23.0110)
161.0 (15.3235,17.3618) (26.0067,24.1519) (30.4939,23.1430)
162.0 (15.3235,17.4126) (25.9703,24.1713) (30.4336,23.2743)
163.0 (15.3235,17.4629) (25.9391,24.1868) (30.3706,23.4048)
164.0 (15.3235,17.5127) (25.9124,24.1993) (30.3051,23.5344)
165.0 (15.3282,17.5790) (25.8897,24.2094) (30.2369,23.6633)
166.0 (15.3886,17.7102) (25.8705,24.2175) (30.1662,23.7913)
167.0 (15.5956,17.8199) (25.8542,24.2240) (30.0933,23.9182)
168.0 (15.8335,17.8794) (25.8405,24.2291) (30.0180,24.0441)
169.0 (16.0264,18.0043) (25.8292,24.2331) (29.9402,24.1688)
170.0 (16.2560,18.0675) (25.8199,24.2361) (29.8599,24.2922)
171.0 (16.2690,18.1582) (25.8122,24.2386) (29.7771,24.4141)
172.0 (16.2714,18.2250) (25.8059,24.2405) (29.6918,24.5345)
173.0 (16.2701,18.2776) (25.8008,24.2420) (29.6039,24.6534)
174.0 (16.2674,18.3212) (25.7966,24.2432) (29.5134,24.7708)
175.0 (16.2653,18.3350) (25.7933,24.2442) (29.4204,24.8866)
176.0 (16.2631,18.3492) (25.7906,24.2449) (29.3249,25.0008)
177.0 (16.2608,18.3646) (25.7884,24.2455) (29.2268,25.1133)
178.0 (16.2584,18.3819) (25.7867,24.2459) (29.1261,25.2241)
179.0 (16.2558,18.4025) (25.7853,24.2463) (29.0229,25.3332)
180.0 (16.2531,18.4283) (25.7842,24.2465) (28.9171,25.4406)
181.0 (16.2508,18.4624) (25.7833,24.2467) (28.8089,25.5463)
182.0 (16.2502,18.5099) (25.7825,24.2469) (28.6981,25.6501)
183.0 (16.2512,18.5605) (25.7820,24.2470) (28.5873,25.7501)
184.0 (16.2595,18.6327) (25.7815,24.2471) (28.4859,25.8377)
185.0 (16.2793,18.7248) (25.7811,24.2472) (28.3936,25.9133)
186.0 (16.3018,18.8203) (25.7808,24.2472) (28.3099,25.9771)
187.0 (16.3149,18.9010) (25.7806,24.2473) (28.2342,26.0305)
188.0 (16.3219,18.9684) (25.7804,24.2473) (28.1671,26.0737)
189.0 (16.3262,19.0281) (25.7803,24.2474) (28.1081,26.1084)
190.0 (16.3292,19.0830) (25.7604,24.2743) (28.0115,26.1794)
191.0 (16.3315,19.1346) (25.7459,24.2924) (27.9322,26.2352)
192.0 (16.3332,19.1838) (25.7352,24.3044) (27.8695,26.2775)
193.0 (16.3346,19.2311) (25.7270,24.3118) (27.8207,26.3088)
194.0 (16.3357,19.2768) (25.7207,24.3165) (27.7825,26.3318)
195.0 (16.3367,19.3209) (25.7160,24.3191) (27.7539,26.3481)
196.0 (16.3375,19.3637) (25.7126,24.3206) (27.7326,26.3595)
197.0 (16.3375,19.3942) (25.7100,24.3213) (27.7168,26.3674)
