0.0 (9.9345,6.5853) (9.0225,4.7935) (8.7357,3.3610)
1.0 (10.1688,6.6709) (9.2446,4.8878) (8.9714,3.4224)
2.0 (10.4030,6.7568) (9.4664,4.9826) (9.2070,3.4842)
3.0 (10.6370,6.8431) (9.6877,5.0782) (9.4423,3.5463)
4.0 (10.8707,6.9297) (9.9086,5.1745) (9.6776,3.6089)
5.0 (11.1043,7.0167) (10.1291,5.2713) (9.9127,3.6720)
6.0 (11.3377,7.1041) (10.3492,5.3689) (10.1476,3.7354)
7.0 (11.5708,7.1918) (10.5689,5.4671) (10.3824,3.7992)
8.0 (11.8038,7.2799) (10.7882,5.5662) (10.6170,3.8634)
9.0 (12.0365,7.3685) (11.0071,5.6660) (10.8515,3.9280)
10.0 (12.2689,7.4574) (11.2256,5.7666) (11.0858,3.9931)
11.0 (12.5010,7.5469) (11.4436,5.8681) (11.3200,4.0586)
12.0 (12.7327,7.6368) (11.6612,5.9705) (11.5540,4.1246)
13.0 (12.9641,7.7273) (11.8783,6.0737) (11.7878,4.1910)
14.0 (13.3221,7.9559) (11.9848,5.9868) (12.0280,4.2459)
15.0 (13.5508,8.0516) (12.1998,6.0921) (12.2619,4.3129)
16.0 (13.7791,8.1478) (12.4142,6.1983) (12.4955,4.3804)
17.0 (14.0174,8.2072) (12.6476,6.2855) (12.7296,4.4529)
18.0 (14.2449,8.3044) (12.8611,6.3935) (12.9628,4.5216)
19.0 (14.4721,8.4022) (13.0741,6.5025) (13.1958,4.5909)
20.0 (14.6990,8.5004) (13.2866,6.6123) (13.4285,4.6608)
21.0 (14.9256,8.5990) (13.4987,6.7231) (13.6609,4.7312)
22.0 (15.1519,8.6981) (13.7102,6.8350) (13.8931,4.8022)
23.0 (15.3778,8.7977) (13.9214,6.9478) (14.1251,4.8738)
24.0 (15.6035,8.8977) (14.1320,7.0616) (14.3568,4.9460)
25.0 (15.8288,8.9981) (14.3422,7.1763) (14.5882,5.0187)
26.0 (16.0537,9.0991) (14.5520,7.2920) (14.8194,5.0921)
27.0 (16.2784,9.2004) (14.7612,7.4087) (15.0503,5.1661)
28.0 (16.5027,9.3023) (14.9698,7.5264) (15.2809,5.2407)
29.0 (16.7266,9.4046) (15.1780,7.6451) (15.5112,5.3160)
30.0 (16.9501,9.5074) (15.3856,7.7649) (15.7413,5.3920)
31.0 (17.1733,9.6106) (15.5927,7.8857) (15.9710,5.4686)
32.0 (17.3961,9.7143) (15.7994,8.0076) (16.2006,5.5459)
33.0 (17.6186,9.8183) (16.0055,8.1305) (16.4299,5.6237)
34.0 (17.8408,9.9228) (16.2110,8.2544) (16.6588,5.7023)
35.0 (18.0625,10.0276) (16.4161,8.3794) (16.8875,5.7815)
36.0 (18.2839,10.1329) (16.6206,8.5055) (17.1158,5.8614)
37.0 (18.5049,10.2385) (16.8246,8.6327) (17.3439,5.9419)
38.0 (18.7255,10.3444) (17.0281,8.7609) (17.5715,6.0233)
39.0 (18.9458,10.4507) (17.2309,8.8903) (17.7987,6.1054)
40.0 (19.1655,10.5575) (17.4333,9.0208) (18.0254,6.1882)
41.0 (19.3849,10.6647) (17.6351,9.1523) (18.2517,6.2719)
42.0 (19.6038,10.7724) (17.8363,9.2849) (18.4774,6.3564)
43.0 (19.8223,10.8804) (18.0370,9.4186) (18.7027,6.4417)
44.0 (20.0405,10.9888) (18.2564,9.5133) (18.9372,6.5074)
45.0 (20.2581,11.0979) (18.4753,9.6086) (19.1715,6.5734)
46.0 (20.4750,11.2079) (18.6939,9.7044) (19.4055,6.6399)
47.0 (20.6912,11.3187) (18.9121,9.8007) (19.6394,6.7067)
48.0 (20.9068,11.4303) (19.1299,9.8974) (19.8730,6.7738)
49.0 (21.1217,11.5427) (19.3474,9.9946) (20.1064,6.8414)
50.0 (21.3360,11.6560) (19.5646,10.0922) (20.3395,6.9093)
51.0 (21.5444,11.7709) (19.7814,10.1902) (20.5724,6.9776)
52.0 (21.7502,11.8862) (19.9980,10.2885) (20.8049,7.0463)
53.0 (21.7404,11.9089) (20.2143,10.3870) (21.0369,7.1156)
54.0 (21.7268,11.9520) (20.4330,10.4827) (21.2685,7.1854)
55.0 (21.7165,12.0353) (20.6534,10.5754) (21.4995,7.2557)
56.0 (21.7258,12.1584) (20.8751,10.6649) (21.7300,7.3266)
57.0 (21.7356,12.2812) (21.0980,10.7516) (21.9600,7.3982)
58.0 (21.7273,12.3692) (21.3220,10.8359) (22.1893,7.4704)
59.0 (21.7182,12.4522) (21.5465,10.9186) (22.4180,7.5432)
60.0 (21.7072,12.5313) (21.7709,11.0007) (22.6461,7.6167)
61.0 (21.6958,12.6047) (21.9963,11.0815) (22.8734,7.6909)
62.0 (21.6835,12.6739) (22.2216,11.1625) (23.1000,7.7658)
63.0 (21.6706,12.7414) (22.4447,11.2448) (23.3256,7.8414)
64.0 (21.6576,12.8110) (22.6674,11.3277) (23.5502,7.9178)
65.0 (21.6454,12.8885) (22.8854,11.4160) (23.7737,7.9949)
66.0 (21.6367,12.9827) (23.1026,11.5036) (23.9962,8.0728)
67.0 (21.6389,13.1031) (23.3195,11.5911) (24.2175,8.1515)
68.0 (21.6638,13.2529) (23.5355,11.6805) (24.4376,8.2310)
69.0 (21.7126,13.4212) (23.7555,11.7461) (24.6566,8.3113)
70.0 (21.7231,13.5602) (23.9722,11.7835) (24.8743,8.3923)
71.0 (21.7213,13.6849) (24.1843,11.7878) (25.0908,8.4742)
72.0 (21.7155,13.7369) (24.4608,11.8006) (25.3059,8.5570)
73.0 (21.7094,13.7857) (24.6839,11.8795) (25.5195,8.6409)
74.0 (21.7065,13.7970) (24.9033,11.9624) (25.7315,8.7259)
75.0 (21.7033,13.8096) (25.1252,12.0406) (25.9419,8.8121)
76.0 (21.6998,13.8240) (25.3457,12.1198) (26.1505,8.8995)
77.0 (21.6958,13.8410) (25.5649,12.2000) (26.3573,8.9882)
78.0 (21.6914,13.8614) (25.7826,12.2810) (26.5624,9.0780)
79.0 (21.6865,13.8867) (25.9988,12.3631) (26.7658,9.1693)
80.0 (21.6811,13.9191) (26.2133,12.4464) (26.9672,9.2619)
81.0 (21.6760,13.9618) (26.4261,12.5308) (27.1667,9.3561)
82.0 (21.6726,14.0195) (26.6369,12.6167) (27.3644,9.4516)
83.0 (21.6749,14.0975) (26.8117,12.7578) (27.5493,9.5669)
84.0 (21.6893,14.1995) (27.0189,12.8462) (27.7432,9.6650)
85.0 (21.7189,14.3204) (27.2420,12.9236) (27.9351,9.7646)
86.0 (21.7291,14.4159) (27.4448,13.0153) (28.1246,9.8655)
87.0 (21.7337,14.5005) (27.6453,13.1087) (28.3114,9.9679)
88.0 (21.7337,14.5731) (27.8435,13.2038) (28.4957,10.0718)
89.0 (21.7308,14.6351) (28.0395,13.3005) (28.6774,10.1771)
90.0 (21.7262,14.6886) (28.2332,13.3988) (28.8564,10.2840)
91.0 (21.7209,14.7359) (28.4243,13.4989) (29.0327,10.3923)
92.0 (21.7152,14.7798) (28.6123,13.6006) (29.2063,10.5022)
93.0 (21.7135,14.7865) (28.7973,13.7040) (29.3770,10.6135)
94.0 (21.7116,14.7939) (28.9792,13.8093) (29.5450,10.7262)
95.0 (21.7095,14.8020) (29.1580,13.9163) (29.7100,10.8406)
96.0 (21.7072,14.8112) (29.3335,14.0251) (29.8720,10.9565)
97.0 (21.7047,14.8216) (29.5057,14.1356) (30.0310,11.0740)
98.0 (21.7018,14.8338) (29.6746,14.2479) (30.1869,11.1930)
99.0 (21.6985,14.8484) (29.8401,14.3620) (30.3397,11.3136)
100.0 (21.6948,14.8662) (30.0020,14.4780) (30.4894,11.4357)
101.0 (21.6905,14.8884) (30.1602,14.5958) (30.6359,11.5594)
102.0 (21.6858,14.9170) (30.3149,14.7155) (30.7792,11.6845)
103.0 (21.6811,14.9547) (30.4658,14.8370) (30.9193,11.8112)
104.0 (21.6775,15.0058) (30.6129,14.9604) (31.0561,11.9393)
105.0 (21.6781,15.0755) (30.7563,15.0855) (31.1896,12.0689)
106.0 (21.6886,15.1683) (30.8957,15.2124) (31.3198,12.1999)
107.0 (21.7139,15.2823) (31.0314,15.3411) (31.4466,12.3324)
108.0 (21.7253,15.3769) (31.1630,15.4715) (31.5696,12.4663)
109.0 (21.7320,15.4626) (31.2907,15.6036) (31.6886,12.6016)
110.0 (21.7338,15.5368) (31.4140,15.7374) (31.8036,12.7384)
111.0 (21.7323,15.5999) (31.5325,15.8729) (31.9145,12.8764)
112.0 (21.7288,15.6536) (31.6463,16.0100) (32.0209,13.0154)
113.0 (21.7244,15.7002) (31.7550,16.1486) (32.1226,13.1552)
114.0 (21.7195,15.7418) (31.8583,16.2881) (32.2199,13.2957)
115.0 (21.7144,15.7807) (31.9561,16.4285) (32.3127,13.4369)
116.0 (21.7138,15.7832) (32.0486,16.5698) (32.4010,13.5787)
117.0 (21.7131,15.7859) (32.1357,16.7117) (32.4844,13.7211)
118.0 (21.7123,15.7889) (32.2170,16.8543) (32.5629,13.8639)
119.0 (21.7115,15.7921) (32.2924,16.9973) (32.6364,14.0071)
120.0 (21.7106,15.7957) (32.3617,17.1408) (32.7049,14.1506)
121.0 (21.7095,15.7998) (32.4252,17.2847) (32.7684,14.2945)
122.0 (21.7084,15.8043) (32.4826,17.4289) (32.8268,14.4387)
123.0 (21.7071,15.8095) (32.5339,17.5732) (32.8801,14.5829)
124.0 (21.7057,15.8154) (32.5791,17.7176) (32.9282,14.7273)
125.0 (21.7040,15.8223) (32.6183,17.8621) (32.9713,14.8717)
126.0 (21.7022,15.8303) (32.6512,18.0064) (33.0092,15.0162)
127.0 (21.7000,15.8399) (32.6779,18.1505) (33.0419,15.1605)
128.0 (21.6975,15.8514) (32.6982,18.2942) (33.0693,15.3046)
129.0 (21.6945,15.8655) (32.7124,18.4375) (33.0914,15.4484)
130.0 (21.6911,15.8832) (32.7205,18.5803) (33.1083,15.5919)
131.0 (21.6873,15.9058) (32.7228,18.7227) (33.1201,15.7350)
132.0 (21.6831,15.9355) (32.7194,18.8645) (33.1268,15.8777)
133.0 (21.6791,15.9754) (32.7106,19.0061) (33.1285,16.0200)
134.0 (21.6771,16.0297) (32.6969,19.1469) (33.1256,16.1620)
135.0 (21.6739,16.0819) (32.6784,19.2872) (33.1181,16.3036)
136.0 (21.6739,16.1479) (32.6553,19.4268) (33.1063,16.4447)
137.0 (21.6783,16.2259) (32.6275,19.5659) (33.0904,16.5853)
138.0 (21.6852,16.3091) (32.5951,19.7044) (33.0706,16.7254)
139.0 (21.6805,16.3554) (32.5582,19.8420) (33.0468,16.8650)
140.0 (21.6754,16.3886) (32.5168,19.9785) (33.0192,17.0041)
141.0 (21.6710,16.4110) (32.4711,20.1139) (32.9877,17.1426)
142.0 (21.6677,16.4257) (32.4211,20.2481) (32.9523,17.2806)
143.0 (21.6653,16.4350) (32.3668,20.3810) (32.9132,17.4177)
144.0 (21.6638,16.4409) (32.3081,20.5128) (32.8703,17.5538)
145.0 (21.6627,16.4446) (32.2451,20.6432) (32.8239,17.6890)
146.0 (21.6621,16.4469) (32.1777,20.7724) (32.7737,17.8231)
147.0 (21.6617,16.4483) (32.1063,20.9000) (32.7200,17.9563)
148.0 (21.6614,16.4492) (32.0311,21.0260) (32.6625,18.0884)
149.0 (21.6613,16.4497) (31.9518,21.1499) (32.6015,18.2194)
150.0 (21.6612,16.4500) (31.8682,21.2714) (32.5368,18.3494)
151.0 (21.6611,16.4503) (31.7233,21.4289) (32.4347,18.4947)
152.0 (21.6611,16.4504) (31.6325,21.5461) (32.3640,18.6227)
153.0 (21.6611,16.4505) (31.5387,21.6592) (32.2901,18.7492)
154.0 (21.6610,16.4505) (31.4515,21.7595) (32.2127,18.8740)
155.0 (21.6610,16.4505) (31.3129,21.8881) (32.0962,19.0113)
156.0 (21.6610,16.4505) (31.1890,22.0026) (31.9772,19.1471)
157.0 (21.6610,16.4506) (31.0818,22.0997) (31.8560,19.2813)
158.0 (21.6610,16.4506) (30.9910,22.1771) (31.7325,19.4137)
159.0 (21.6610,16.4506) (30.9160,22.2370) (31.6070,19.5442)
160.0 (21.6610,16.4506) (30.8567,22.2814) (31.4821,19.6702)
161.0 (21.6610,16.4506) (30.8092,22.3127) (31.3686,19.7837)
162.0 (21.6610,16.4506) (30.7721,22.3345) (31.2685,19.8831)
163.0 (21.6610,16.4506) (30.7441,22.3493) (31.1804,19.9690)
164.0 (21.6610,16.4506) (30.7233,22.3589) (31.1036,20.0409)
165.0 (21.6610,16.4506) (30.7080,22.3649) (31.0377,20.0987)
166.0 (21.6610,16.4506) (30.6968,22.3686) (30.9801,20.1436)
167.0 (21.6610,16.4506) (30.6887,22.3706) (30.9302,20.1785)
168.0 (21.6610,16.4506) (30.6828,22.3717) (30.8872,20.2048)
169.0 (21.6610,16.4506) (30.6786,22.3721) (30.8519,20.2240)
170.0 (21.6610,16.4506) (30.6757,22.3722) (30.8231,20.2378)
171.0 (21.6610,16.4506) (30.6736,22.3720) (30.8003,20.2477)
172.0 (21.6610,16.4506) (30.6722,22.3718) (30.7824,20.2546)
173.0 (21.6610,16.4506) (30.6712,22.3715) (30.7686,20.2595)
174.0 (21.6610,16.4506) (30.6705,22.3713) (30.7581,20.2629)
175.0 (21.6610,16.4506) (30.6701,22.3711) (30.7500,20.2652)
176.0 (21.6610,16.4506) (30.6698,22.3709) (30.7439,20.2668)
177.0 (21.6610,16.4506) (30.6696,22.3707) (30.7392,20.2678)
178.0 (21.6610,16.4506) (30.6694,22.3706) (30.7357,20.2686)
179.0 (21.6610,16.4506) (30.6694,22.3705) (30.7330,20.2690)
180.0 (21.6610,16.4506) (30.6693,22.3704) (30.7310,20.2694)
181.0 (21.6610,16.4506) (30.6693,22.3703) (30.7296,20.2696)
182.0 (21.6610,16.4506) (30.6693,22.3703) (30.7285,20.2697)
183.0 (21.6610,16.4506) (30.6693,22.3702) (30.7276,20.2698)
184.0 (21.6610,16.4506) (30.6693,22.3702) (30.7270,20.2699)
185.0 (21.6610,16.4506) (30.6693,22.3702) (30.7266,20.2700)
186.0 (21.6610,16.4506) (30.6693,22.3701) (30.7262,20.2700)
187.0 (21.6610,16.4506) (30.6693,22.3701) (30.7260,20.2700)
188.0 (21.6610,16.4506) (30.6693,22.3701) (30.7258,20.2701)
189.0 (21.6610,16.4506) (30.6693,22.3701) (30.7257,20.2701)
190.0 (21.6610,16.4506) (30.6693,22.3701) (30.7256,20.2701)
191.0 (21.6610,16.4506) (30.6693,22.3701) (30.7255,20.2701)
192.0 (21.6610,16.4506) (30.6693,22.3701) (30.7254,20.2701)
193.0 (21.6610,16.4506) (30.6693,22.3701) (30.7254,20.2701)
194.0 (21.6610,16.4506) (30.6693,22.3701) (30.7254,20.2701)
195.0 (21.6610,16.4506) (30.6693,22.3701) (30.7253,20.2701)
196.0 (21.6610,16.4506) (30.6693,22.3701) (30.7253,20.2701)
197.0 (21.6610,16.4506) (30.6693,22.3701) (30.7253,20.2701)
