0.0 (3.5289,6.8888) (5.7160,6.2112) (8.0318,5.1796)
1.0 (3.7575,6.9779) (5.9318,6.3227) (8.2634,5.2596)
2.0 (3.9860,7.0673) (6.1474,6.4346) (8.4947,5.3401)
3.0 (4.2142,7.1569) (6.3629,6.5469) (8.7256,5.4209)
4.0 (4.4423,7.2468) (6.5781,6.6596) (8.9563,5.5022)
5.0 (4.6701,7.3369) (6.7932,6.7726) (9.1866,5.5839)
6.0 (4.7287,7.2643) (7.2011,6.9782) (9.4220,5.6485)
7.0 (4.9510,7.3593) (7.4166,7.0919) (9.6518,5.7302)
8.0 (5.1786,7.4453) (7.6537,7.1643) (9.8867,5.7953)
9.0 (5.4003,7.5412) (7.8683,7.2792) (10.1159,5.8777)
10.0 (5.6217,7.6375) (8.0827,7.3946) (10.3446,5.9607)
11.0 (5.8427,7.7343) (8.2968,7.5106) (10.5730,6.0442)
12.0 (6.0634,7.8314) (8.5106,7.6272) (10.8010,6.1282)
13.0 (6.2837,7.9290) (8.7241,7.7443) (11.0285,6.2128)
14.0 (6.5036,8.0270) (8.9372,7.8621) (11.2555,6.2981)
15.0 (6.7231,8.1255) (9.1499,7.9804) (11.4821,6.3839)
16.0 (6.9422,8.2243) (9.3623,8.0994) (11.7082,6.4704)
17.0 (7.1610,8.3237) (9.5742,8.2191) (11.9337,6.5574)
18.0 (7.3793,8.4234) (9.7858,8.3394) (12.1588,6.6452)
19.0 (7.5972,8.5236) (9.9969,8.4605) (12.3834,6.7335)
20.0 (7.8147,8.6243) (10.2076,8.5822) (12.6074,6.8226)
21.0 (8.0318,8.7255) (10.4178,8.7047) (12.8309,6.9125)
22.0 (8.2484,8.8271) (10.6512,8.7845) (13.0638,6.9808)
23.0 (8.4646,8.9294) (10.8845,8.8648) (13.2964,7.0494)
24.0 (8.6804,9.0323) (11.1174,8.9455) (13.5288,7.1183)
25.0 (8.8958,9.1360) (11.3500,9.0267) (13.7608,7.1875)
26.0 (9.1108,9.2403) (11.5822,9.1084) (13.9925,7.2571)
27.0 (9.3254,9.3452) (11.8140,9.1907) (14.2239,7.3271)
28.0 (9.5634,9.4053) (12.0331,9.2943) (14.4486,7.4106)
29.0 (9.7770,9.5115) (12.2644,9.3774) (14.6793,7.4813)
30.0 (9.9903,9.6183) (12.4952,9.4609) (14.9096,7.5525)
31.0 (10.2031,9.7259) (12.7257,9.5449) (15.1394,7.6241)
32.0 (10.4156,9.8341) (12.9558,9.6293) (15.3689,7.6961)
33.0 (10.6276,9.9430) (13.1854,9.7143) (15.5979,7.7686)
34.0 (10.8392,10.0525) (13.4146,9.7999) (15.8265,7.8416)
35.0 (11.0504,10.1628) (13.6431,9.8861) (16.0547,7.9150)
36.0 (11.2611,10.2738) (13.8712,9.9729) (16.2824,7.9889)
37.0 (11.4713,10.3855) (14.0986,10.0604) (16.5095,8.0632)
38.0 (11.6810,10.4980) (14.3255,10.1485) (16.7362,8.1381)
39.0 (11.8902,10.6114) (14.5518,10.2373) (16.9621,8.2134)
40.0 (12.0989,10.7256) (14.7775,10.3267) (17.1874,8.2893)
41.0 (12.3071,10.8406) (15.0026,10.4170) (17.4119,8.3657)
42.0 (12.5148,10.9564) (15.2270,10.5080) (17.6358,8.4426)
43.0 (12.7219,11.0731) (15.4507,10.5999) (17.8588,8.5201)
44.0 (12.9285,11.1906) (15.6717,10.6933) (18.0811,8.5981)
45.0 (13.1293,11.3094) (15.8921,10.7873) (18.3026,8.6766)
46.0 (13.3269,11.4280) (16.1138,10.8817) (18.5234,8.7557)
47.0 (13.3133,11.4615) (16.3347,10.9770) (18.7433,8.8353)
48.0 (13.3097,11.4791) (16.5651,11.0480) (18.9623,8.9155)
49.0 (13.3052,11.5192) (16.7950,11.1196) (19.1806,8.9963)
50.0 (13.3052,11.5853) (17.0242,11.1919) (19.3980,9.0775)
51.0 (13.3052,11.6513) (17.2529,11.2648) (19.6145,9.1594)
52.0 (13.3052,11.7173) (17.4809,11.3383) (19.8301,9.2419)
53.0 (13.3017,11.7720) (17.7083,11.4125) (20.0447,9.3251)
54.0 (13.2978,11.8234) (17.9349,11.4874) (20.2582,9.4091)
55.0 (13.2936,11.8712) (18.1605,11.5630) (20.4707,9.4938)
56.0 (13.2892,11.9152) (18.3851,11.6393) (20.6820,9.5793)
57.0 (13.2845,11.9553) (18.6087,11.7164) (20.8921,9.6656)
58.0 (13.2797,11.9912) (18.8312,11.7943) (21.1010,9.7529)
59.0 (13.2750,12.0231) (19.0526,11.8729) (21.3086,9.8409)
60.0 (13.2704,12.0509) (19.2729,11.9522) (21.5151,9.9298)
61.0 (13.2660,12.0750) (19.4921,12.0324) (21.7203,10.0196)
62.0 (13.2619,12.0957) (19.7100,12.1133) (21.9244,10.1103)
63.0 (13.2582,12.1136) (19.9388,12.1861) (22.1271,10.2019)
64.0 (13.2548,12.1291) (20.1259,12.3265) (22.3133,10.3241)
65.0 (13.2518,12.1424) (20.3115,12.4681) (22.4982,10.4471)
66.0 (13.2490,12.1541) (20.4957,12.6109) (22.6818,10.5710)
67.0 (13.2465,12.1644) (20.6785,12.7549) (22.8642,10.6958)
68.0 (13.2443,12.1735) (20.8895,12.8406) (23.0611,10.7919)
69.0 (13.2422,12.1817) (21.0686,12.9872) (23.2408,10.9184)
70.0 (13.2403,12.1892) (21.2461,13.1352) (23.4191,11.0460)
71.0 (13.2385,12.1960) (21.4528,13.2238) (23.6123,11.1447)
72.0 (13.2369,12.2023) (21.6263,13.3745) (23.7875,11.2744)
73.0 (13.2353,12.2082) (21.8301,13.4655) (23.9778,11.3749)
74.0 (13.2338,12.2138) (21.9995,13.6189) (24.1498,11.5066)
75.0 (13.2324,12.2191) (22.2000,13.7124) (24.3367,11.6090)
76.0 (13.2311,12.2242) (22.3652,13.8686) (24.5051,11.7427)
77.0 (13.2297,12.2292) (22.5624,13.9645) (24.6885,11.8470)
78.0 (13.2284,12.2341) (22.7575,14.0618) (24.8701,11.9524)
79.0 (13.2271,12.2389) (22.9155,14.2223) (25.0328,12.0891)
80.0 (13.2259,12.2436) (23.1070,14.3221) (25.2109,12.1964)
81.0 (13.2246,12.2484) (23.2597,14.4853) (25.3697,12.3351)
82.0 (13.2233,12.2533) (23.4466,14.5877) (25.5442,12.4444)
83.0 (13.2219,12.2583) (23.5938,14.7536) (25.6987,12.5852)
84.0 (13.2205,12.2635) (23.7760,14.8587) (25.8695,12.6965)
85.0 (13.2191,12.2689) (23.9554,14.9653) (26.0382,12.8089)
86.0 (13.2176,12.2746) (24.0934,15.1356) (26.1859,12.9528)
87.0 (13.2160,12.2806) (24.2678,15.2449) (26.3508,13.0672)
88.0 (13.2143,12.2872) (24.4393,15.3559) (26.5135,13.1827)
89.0 (13.2125,12.2944) (24.6077,15.4684) (26.6741,13.2994)
90.0 (13.2104,12.3023) (24.7319,15.6444) (26.8122,13.4475)
91.0 (13.2082,12.3113) (24.8949,15.7599) (26.9687,13.5662)
92.0 (13.2057,12.3215) (25.0545,15.8770) (27.1230,13.6861)
93.0 (13.2029,12.3335) (25.2108,15.9959) (27.2750,13.8071)
94.0 (13.1997,12.3477) (25.3637,16.1164) (27.4247,13.9292)
95.0 (13.1960,12.3650) (25.5131,16.2387) (27.5721,14.0524)
96.0 (13.1918,12.3866) (25.6591,16.3626) (27.7173,14.1767)
97.0 (13.1872,12.4144) (25.8015,16.4881) (27.8601,14.3020)
98.0 (13.1825,12.4510) (25.9404,16.6153) (28.0006,14.4285)
99.0 (13.1787,12.5006) (26.0757,16.7441) (28.1387,14.5560)
100.0 (13.1788,12.5683) (26.2074,16.8745) (28.2745,14.6846)
101.0 (13.1881,12.6589) (26.3354,17.0064) (28.4079,14.8143)
102.0 (13.2121,12.7713) (26.4594,17.1400) (28.5389,14.9450)
103.0 (13.2456,12.8938) (26.5790,17.2751) (28.6674,15.0767)
104.0 (13.2728,13.0103) (26.6943,17.4118) (28.7935,15.2094)
105.0 (13.2894,13.1139) (26.8051,17.5498) (28.9168,15.3432)
106.0 (13.2998,13.2078) (26.9109,17.6889) (29.0373,15.4780)
107.0 (13.3068,13.2956) (27.0117,17.8288) (29.1548,15.6139)
108.0 (13.3120,13.3793) (27.1075,17.9696) (29.2695,15.7508)
109.0 (13.3120,13.4422) (27.1985,18.1111) (29.3812,15.8886)
110.0 (13.3120,13.5049) (27.2843,18.2532) (29.4897,16.0271)
111.0 (13.3138,13.5736) (27.3648,18.3958) (29.5949,16.1663)
112.0 (13.3670,13.7080) (27.4398,18.5389) (29.6968,16.3061)
113.0 (13.5628,13.8333) (27.5092,18.6824) (29.7954,16.4464)
114.0 (13.7960,13.9088) (27.5732,18.8262) (29.8908,16.5872)
115.0 (14.0283,13.9806) (27.6317,18.9704) (29.9831,16.7285)
116.0 (14.2529,14.0591) (27.6845,19.1146) (30.0720,16.8703)
117.0 (14.2697,14.1662) (27.7317,19.2590) (30.1574,17.0124)
118.0 (14.2719,14.2468) (27.7734,19.4035) (30.2394,17.1549)
119.0 (14.2692,14.3121) (27.8093,19.5479) (30.3179,17.2977)
120.0 (14.2645,14.3422) (27.8395,19.6921) (30.3926,17.4408)
121.0 (14.2597,14.3734) (27.8639,19.8361) (30.4638,17.5842)
122.0 (14.2550,14.4090) (27.8825,19.9797) (30.5313,17.7278)
123.0 (14.2507,14.4537) (27.8954,20.1229) (30.5953,17.8716)
124.0 (14.2491,14.5151) (27.9029,20.2656) (30.6556,18.0157)
125.0 (14.2512,14.5857) (27.9049,20.4080) (30.7123,18.1599)
126.0 (14.2665,14.6835) (27.9017,20.5499) (30.7652,18.3042)
127.0 (14.2941,14.7976) (27.8935,20.6914) (30.8144,18.4485)
128.0 (14.3139,14.9022) (27.8807,20.8324) (30.8599,18.5930)
129.0 (14.3232,14.9904) (27.8635,20.9728) (30.9018,18.7374)
130.0 (14.3285,15.0699) (27.8419,21.1127) (30.9400,18.8819)
131.0 (14.3319,15.1447) (27.8161,21.2521) (30.9744,19.0262)
132.0 (14.3343,15.2169) (27.7860,21.3908) (31.0050,19.1705)
133.0 (14.3362,15.2874) (27.7517,21.5290) (31.0318,19.3146)
134.0 (14.3376,15.3564) (27.7133,21.6662) (31.0547,19.4584)
135.0 (14.3376,15.4144) (27.6708,21.8024) (31.0739,19.6021)
136.0 (14.3376,15.4722) (27.6243,21.9376) (31.0894,19.7454)
137.0 (14.3376,15.5299) (27.5738,22.0716) (31.1011,19.8885)
138.0 (14.3556,15.6279) (27.5193,22.2046) (31.1093,20.0314)
139.0 (14.4886,15.7781) (27.4608,22.3364) (31.1138,20.1739)
140.0 (14.7247,15.8815) (27.3983,22.4670) (31.1148,20.3161)
141.0 (14.9521,15.9657) (27.3318,22.5964) (31.1124,20.4581)
142.0 (15.1804,16.0384) (27.2615,22.7245) (31.1067,20.5998)
143.0 (15.2155,16.1615) (27.1876,22.8511) (31.0977,20.7413)
144.0 (15.2236,16.2495) (27.1101,22.9758) (31.0857,20.8824)
145.0 (15.2242,16.3195) (27.0287,23.0986) (31.0707,21.0231)
146.0 (15.2204,16.3503) (26.9435,23.2191) (31.0529,21.1635)
147.0 (15.2167,16.3848) (26.8543,23.3372) (31.0323,21.3035)
148.0 (15.2134,16.4263) (26.7613,23.4530) (31.0088,21.4431)
149.0 (15.2118,16.4796) (26.6644,23.5663) (30.9825,21.5824)
150.0 (15.2153,16.5513) (26.5641,23.6765) (30.9534,21.7213)
151.0 (15.2221,16.6286) (26.4715,23.7745) (30.9215,21.8598)
152.0 (15.2418,16.7286) (26.3867,23.8596) (30.8868,21.9979)
153.0 (15.2707,16.8398) (26.3092,23.9323) (30.8493,22.1354)
154.0 (15.2931,16.9434) (26.2381,23.9934) (30.8092,22.2722)
155.0 (15.3057,17.0326) (26.1738,24.0435) (30.7664,22.4083)
156.0 (15.3134,17.1120) (26.1165,24.0841) (30.7210,22.5438)
157.0 (15.3185,17.1855) (26.0657,24.1170) (30.6729,22.6785)
158.0 (15.3223,17.2553) (26.0213,24.1434) (30.6222,22.8125)
159.0 (15.3251,17.3223) (25.9829,24.1646) (30.5688,22.9458)
160.0 (15.3274,17.3873) (25.9500,24.1814) (30.5129,23.0783)
161.0 (15.3274,17.4379) (25.9217,24.1949) (30.4543,23.2101)
162.0 (15.3274,17.4880) (25.8976,24.2058) (30.3930,23.3410)
163.0 (15.3274,17.5377) (25.8771,24.2146) (30.3291,23.4712)
164.0 (15.3485,17.6345) (25.8598,24.2218) (30.2626,23.6006)
165.0 (15.4781,17.7804) (25.8452,24.2273) (30.1935,23.7292)
166.0 (15.7162,17.8565) (25.8331,24.2317) (30.1220,23.8568)
167.0 (15.9472,17.9318) (25.8231,24.2351) (30.0481,23.9833)
168.0 (16.1781,17.9965) (25.8148,24.2377) (29.9719,24.1088)
169.0 (16.2222,18.1221) (25.8081,24.2398) (29.8932,24.2330)
170.0 (16.2331,18.2083) (25.8025,24.2415) (29.8119,24.3557)
171.0 (16.2348,18.2728) (25.7980,24.2428) (29.7280,24.4770)
172.0 (16.2338,18.3263) (25.7944,24.2438) (29.6416,24.5968)
173.0 (16.2313,18.3459) (25.7915,24.2446) (29.5526,24.7151)
174.0 (16.2286,18.3676) (25.7891,24.2453) (29.4610,24.8318)
175.0 (16.2260,18.3929) (25.7873,24.2458) (29.3669,24.9469)
176.0 (16.2235,18.4238) (25.7858,24.2461) (29.2703,25.0603)
177.0 (16.2217,18.4636) (25.7845,24.2464) (29.1710,25.1721)
178.0 (16.2226,18.5173) (25.7836,24.2467) (29.0692,25.2822)
179.0 (16.2242,18.5702) (25.7828,24.2468) (28.9648,25.3905)
180.0 (16.2330,18.6432) (25.7822,24.2470) (28.8578,25.4970)
181.0 (16.2529,18.7352) (25.7817,24.2471) (28.7484,25.6018)
182.0 (16.2782,18.8341) (25.7813,24.2472) (28.6365,25.7048)
183.0 (16.2965,18.9231) (25.7809,24.2472) (28.5310,25.7982)
184.0 (16.3071,18.9981) (25.7807,24.2473) (28.4345,25.8793)
185.0 (16.3136,19.0635) (25.7805,24.2473) (28.3476,25.9489)
186.0 (16.3181,19.1228) (25.7803,24.2473) (28.2679,26.0069)
187.0 (16.3215,19.1780) (25.7802,24.2474) (28.1969,26.0546)
188.0 (16.3240,19.2300) (25.7801,24.2474) (28.1343,26.0931)
189.0 (16.3261,19.2795) (25.7601,24.2747) (28.0331,26.1668)
190.0 (16.3278,19.3269) (25.7455,24.2932) (27.9491,26.2255)
191.0 (16.3292,19.3724) (25.7348,24.3053) (27.8826,26.2701)
192.0 (16.3292,19.4027) (25.7266,24.3128) (27.8309,26.3034)
193.0 (16.3292,19.4324) (25.7204,24.3173) (27.7904,26.3278)
194.0 (16.3292,19.4616) (25.7157,24.3200) (27.7597,26.3453)
195.0 (16.3292,19.4902) (25.7123,24.3213) (27.7369,26.3575)
196.0 (16.3292,19.5183) (25.7098,24.3219) (27.7200,26.3660)
197.0 (16.3349,19.5715) (25.7079,24.3222) (27.7074,26.3720)
