0.0 (0.8000,7.7000,5.0000) (2.9000,6.0000,5.0000) (0.8000,11.7000,5.0000)
0.5 (1.2302,7.9548,5.0000) (3.3101,6.2861,5.0000) (1.2462,11.9257,5.0000)
1.0 (1.6603,8.2097,5.0000) (3.7201,6.5721,5.0000) (1.6923,12.1514,5.0000)
1.5 (2.0905,8.4646,5.0000) (4.1302,6.8582,5.0000) (2.1385,12.3771,5.0000)
2.0 (2.5207,8.7194,5.0000) (4.5403,7.1444,5.0000) (2.5847,12.6028,5.0000)
2.5 (2.9508,8.9743,5.0000) (4.9503,7.4304,5.0000) (3.0308,12.8285,5.0000)
3.0 (3.3810,9.2291,5.0000) (5.3604,7.7166,5.0000) (3.4770,13.0542,5.0000)
3.5 (3.8111,9.4840,5.0000) (5.7705,8.0026,5.0000) (3.9232,13.2799,5.0000)
4.0 (4.2413,9.7389,5.0000) (6.1806,8.2887,5.0000) (4.3694,13.5056,5.0000)
4.5 (4.6715,9.9937,5.0000) (6.5906,8.5748,5.0000) (4.8155,13.7313,5.0000)
5.0 (5.1016,10.2486,5.0000) (7.0007,8.8609,5.0000) (5.2617,13.9570,5.0000)
5.5 (5.5318,10.5034,5.0000) (7.4108,9.1470,5.0000) (5.7079,14.1826,5.0000)
6.0 (5.9620,10.7583,5.0000) (7.8208,9.4331,5.0000) (6.1540,14.4083,5.0000)
6.5 (6.3921,11.0131,5.0000) (8.2309,9.7192,5.0000) (6.6002,14.6341,5.0000)
7.0 (6.8223,11.2680,5.0000) (8.6410,10.0053,5.0000) (7.0463,14.8598,5.0000)
7.5 (7.2525,11.5229,5.0000) (9.0511,10.2914,5.0000) (7.4925,15.0855,5.0000)
8.0 (7.6826,11.7777,5.0000) (9.4612,10.5775,5.0000) (7.9386,15.3112,5.0000)
8.5 (8.1128,12.0326,5.0000) (9.8712,10.8636,5.0000) (8.3848,15.5369,5.0000)
9.0 (8.5430,12.2874,5.0000) (10.2813,11.1497,5.0000) (8.8309,15.7626,5.0000)
9.5 (8.9731,12.5423,5.0000) (10.6914,11.4357,5.0000) (9.2771,15.9883,5.0000)
10.0 (9.4033,12.7971,5.0000) (11.1014,11.7218,5.0000) (9.7233,16.2140,5.0000)
10.5 (9.8335,13.0520,5.0000) (11.5115,12.0079,5.0000) (10.1694,16.4397,5.0000)
11.0 (10.2637,13.3069,5.0000) (11.9216,12.2940,5.0000) (10.6156,16.6654,5.0000)
11.5 (10.6938,13.5618,5.0000) (12.3317,12.5801,5.0000) (11.0618,16.8911,5.0000)
12.0 (11.1240,13.8166,5.0000) (12.7417,12.8662,5.0000) (11.5079,17.1168,5.0000)
12.5 (11.5542,14.0715,5.0000) (13.1518,13.1523,5.0000) (11.9541,17.3425,5.0000)
13.0 (11.9844,14.3264,5.0000) (13.5619,13.4384,5.0000) (12.4002,17.5682,5.0000)
13.5 (12.4145,14.5813,5.0000) (13.9720,13.7245,5.0000) (12.8464,17.7939,5.0000)
14.0 (12.8367,14.8216,5.0000) (14.3820,14.0106,5.0000) (13.2926,18.0195,5.0000)
14.5 (13.2668,14.9108,5.0000) (14.7921,14.2967,5.0000) (13.7388,18.2452,5.0000)
15.0 (13.6949,14.9554,5.0000) (15.2022,14.5827,5.0000) (14.1849,18.4709,5.0000)
15.5 (14.1337,14.9793,5.0000) (15.6122,14.8688,5.0000) (14.6311,18.6966,5.0000)
16.0 (14.5697,15.0031,5.0000) (16.0223,15.1549,5.0000) (15.0773,18.9223,5.0000)
16.5 (15.0275,15.1074,5.0000) (16.4324,15.4410,5.0000) (15.5235,19.1480,5.0000)
17.0 (15.4446,15.3830,5.0000) (16.8424,15.7271,5.0000) (15.9696,19.3737,5.0000)
17.5 (15.8618,15.6586,5.0000) (17.2525,16.0132,5.0000) (16.4158,19.5994,5.0000)
18.0 (16.2790,15.9343,5.0000) (17.6625,16.2993,5.0000) (16.8620,19.8251,5.0000)
18.5 (16.6961,16.2099,5.0000) (18.0725,16.5854,5.0000) (17.3081,20.0508,5.0000)
19.0 (17.1133,16.4855,5.0000) (18.4826,16.8715,5.0000) (17.7543,20.2765,5.0000)
19.5 (17.5305,16.7611,5.0000) (18.8927,17.1576,5.0000) (18.2005,20.5022,5.0000)
20.0 (17.9477,17.0368,5.0000) (19.3027,17.4437,5.0000) (18.6466,20.7279,5.0000)
20.5 (18.3648,17.3124,5.0000) (19.7128,17.7298,5.0000) (19.0928,20.9536,5.0000)
21.0 (18.7820,17.5880,5.0000) (20.1228,18.0159,5.0000) (19.5390,21.1793,5.0000)
21.5 (19.1992,17.8637,5.0000) (20.5329,18.3020,5.0000) (19.9851,21.4049,5.0000)
22.0 (19.6163,18.1393,5.0000) (20.9429,18.5881,5.0000) (20.4313,21.6306,5.0000)
22.5 (20.0335,18.4150,5.0000) (21.3530,18.8742,5.0000) (20.8775,21.8563,5.0000)
23.0 (20.4506,18.6906,5.0000) (21.7630,19.1603,5.0000) (21.3237,22.0820,5.0000)
23.5 (20.8678,18.9662,5.0000) (22.1731,19.4463,5.0000) (21.7699,22.3077,5.0000)
24.0 (21.2850,19.2418,5.0000) (22.5832,19.7324,5.0000) (22.2160,22.5333,5.0000)
24.5 (21.7021,19.5175,5.0000) (22.9933,20.0185,5.0000) (22.6622,22.7590,5.0000)
25.0 (22.1193,19.7931,5.0000) (23.4033,20.3045,5.0000) (23.1084,22.9847,5.0000)
25.5 (22.5364,20.0687,5.0000) (23.8134,20.5906,5.0000) (23.5546,23.2104,5.0000)
26.0 (22.9536,20.3443,5.0000) (24.2234,20.8767,5.0000) (24.0007,23.4361,5.0000)
26.5 (23.3708,20.6200,5.0000) (24.6335,21.1628,5.0000) (24.4469,23.6618,5.0000)
27.0 (23.7879,20.8956,5.0000) (25.0436,21.4489,5.0000) (24.8931,23.8875,5.0000)
27.5 (24.2051,21.1712,5.0000) (25.4536,21.7350,5.0000) (25.3393,24.1132,5.0000)
28.0 (24.6223,21.4468,5.0000) (25.8637,22.0211,5.0000) (25.7854,24.3389,5.0000)
28.5 (25.0394,21.7225,5.0000) (26.2738,22.3071,5.0000) (26.2315,24.5646,5.0000)
29.0 (25.4566,21.9981,5.0000) (26.6838,22.5933,5.0000) (26.6777,24.7903,5.0000)
29.5 (25.8738,22.2738,5.0000) (27.0939,22.8793,5.0000) (27.1238,25.0160,5.0000)
30.0 (26.2910,22.5494,5.0000) (27.5039,23.1654,5.0000) (27.5700,25.2416,5.0000)
30.5 (26.7081,22.8250,5.0000) (27.9140,23.4515,5.0000) (28.0162,25.4673,5.0000)
31.0 (27.1253,23.1007,5.0000) (28.3241,23.7376,5.0000) (28.4623,25.6931,5.0000)
31.5 (27.5425,23.3763,5.0000) (28.7341,24.0237,5.0000) (28.9085,25.9187,5.0000)
32.0 (27.9597,23.6519,5.0000) (29.1442,24.3098,5.0000) (29.3547,26.1445,5.0000)
32.5 (28.3768,23.9276,5.0000) (29.5543,24.5959,5.0000) (29.8008,26.3702,5.0000)
33.0 (28.7940,24.2032,5.0000) (29.9644,24.8820,5.0000) (30.2470,26.5958,5.0000)
33.5 (29.2111,24.4788,5.0000) (30.3744,25.1681,5.0000) (30.6932,26.8215,5.0000)
34.0 (29.6055,24.7394,5.0000) (30.7845,25.4542,5.0000) (31.1393,27.0472,5.0000)
34.5 (29.8028,24.8697,5.0000) (31.1945,25.7403,5.0000) (31.5855,27.2729,5.0000)
35.0 (29.9014,24.9348,5.0000) (31.6046,26.0264,5.0000) (32.0317,27.4986,5.0000)
35.5 (29.9507,24.9674,5.0000) (32.0146,26.3125,5.0000) (32.4778,27.7243,5.0000)
36.0 (29.9754,24.9837,5.0000) (32.4247,26.5986,5.0000) (32.9240,27.9499,5.0000)
36.5 (29.9877,24.9918,5.0000) (32.7124,26.7993,5.0000) (33.3702,28.1756,5.0000)
37.0 (29.9938,24.9959,5.0000) (32.8562,26.8997,5.0000) (33.8164,28.4013,5.0000)
37.5 (29.9969,24.9979,5.0000) (32.9281,26.9499,5.0000) (34.2626,28.6270,5.0000)
38.0 (29.9969,24.9979,5.0000) (32.9281,26.9499,5.0000) (34.2626,28.6270,5.0000)
38.5 (29.9969,24.9979,5.0000) (32.9281,26.9499,5.0000) (34.2626,28.6270,5.0000)
39.0 (29.9969,24.9979,5.0000) (32.9281,26.9499,5.0000) (34.2626,28.6270,5.0000)
39.5 (29.9969,24.9979,5.0000) (32.9281,26.9499,5.0000) (34.2626,28.6270,5.0000)
