0.0 (18.2000,7.3000,5.0000) (19.8000,6.7000,5.0000) (20.8000,6.2000,5.0000)
1.0 (18.8054,8.0959,5.0000) (20.3907,7.5069,5.0000) (21.3992,7.0006,5.0000)
2.0 (19.4108,8.8918,5.0000) (20.9814,8.3139,5.0000) (21.9985,7.8011,5.0000)
3.0 (20.0161,9.6877,5.0000) (21.5721,9.1208,5.0000) (22.5976,8.6017,5.0000)
4.0 (20.6215,10.4837,5.0000) (22.1628,9.9277,5.0000) (23.1967,9.4023,5.0000)
5.0 (21.2268,11.2796,5.0000) (22.7535,10.7346,5.0000) (23.7960,10.2028,5.0000)
6.0 (21.8322,12.0756,5.0000) (23.3441,11.5415,5.0000) (24.3951,11.0035,5.0000)
7.0 (22.4376,12.8715,5.0000) (23.9348,12.3484,5.0000) (24.9943,11.8040,5.0000)
8.0 (23.1210,13.4767,5.0000) (24.5255,13.1552,5.0000) (25.5935,12.6046,5.0000)
9.0 (23.8993,14.0104,5.0000) (25.1162,13.9621,5.0000) (26.1928,13.4051,5.0000)
10.0 (24.4866,14.8191,5.0000) (25.7068,14.7690,5.0000) (26.7920,14.2057,5.0000)
11.0 (25.1265,15.4720,5.0000) (26.2975,15.5759,5.0000) (27.3912,15.0063,5.0000)
12.0 (25.8785,16.0265,5.0000) (26.8881,16.3829,5.0000) (27.9903,15.8068,5.0000)
13.0 (26.4838,16.8082,5.0000) (27.4788,17.1898,5.0000) (28.5895,16.6075,5.0000)
14.0 (26.9565,17.6895,5.0000) (28.0695,17.9967,5.0000) (29.1888,17.4081,5.0000)
15.0 (27.4291,18.5708,5.0000) (28.6601,18.8036,5.0000) (29.7880,18.2086,5.0000)
16.0 (27.9018,19.4520,5.0000) (29.2508,19.6104,5.0000) (30.3872,19.0092,5.0000)
17.0 (28.3743,20.3333,5.0000) (29.8415,20.4174,5.0000) (30.9863,19.8098,5.0000)
18.0 (28.8469,21.2147,5.0000) (30.4321,21.2243,5.0000) (31.5856,20.6105,5.0000)
19.0 (29.0000,21.5001,5.0000) (31.0000,21.9999,5.0000) (32.1848,21.4110,5.0000)
20.0 (29.0000,21.5000,5.0000) (30.9999,21.9999,5.0000) (32.7841,22.2116,5.0000)
21.0 (29.0000,21.5000,5.0000) (30.9999,21.9999,5.0000) (32.7841,22.2116,5.0000)
22.0 (29.0000,21.5000,5.0000) (30.9999,21.9999,5.0000) (32.7841,22.2116,5.0000)
23.0 (29.0000,21.5000,5.0000) (30.9999,21.9999,5.0000) (32.7841,22.2116,5.0000)
24.0 (29.0000,21.5000,5.0000) (30.9999,21.9999,5.0000) (32.7841,22.2116,5.0000)
25.0 (29.0000,21.5000,5.0000) (30.9999,21.9999,5.0000) (32.7841,22.2116,5.0000)
26.0 (29.0000,21.5000,5.0000) (30.9999,21.9999,5.0000) (32.7841,22.2116,5.0000)
27.0 (29.0000,21.5000,5.0000) (30.9999,21.9999,5.0000) (32.7841,22.2116,5.0000)
28.0 (29.0000,21.5000,5.0000) (30.9999,21.9999,5.0000) (32.7841,22.2116,5.0000)
29.0 (29.0000,21.5000,5.0000) (30.9999,21.9999,5.0000) (32.7841,22.2116,5.0000)
30.0 (29.0000,21.5000,5.0000) (30.9999,21.9999,5.0000) (32.7841,22.2116,5.0000)
31.0 (29.0000,21.5000,5.0000) (30.9999,21.9999,5.0000) (32.7841,22.2116,5.0000)
32.0 (29.0000,21.5000,5.0000) (30.9999,21.9999,5.0000) (32.7841,22.2116,5.0000)
33.0 (29.0000,21.5000,5.0000) (30.9999,21.9999,5.0000) (32.7841,22.2116,5.0000)
34.0 (29.0000,21.5000,5.0000) (30.9999,21.9999,5.0000) (32.7841,22.2116,5.0000)
35.0 (29.0000,21.5000,5.0000) (30.9999,21.9999,5.0000) (32.7841,22.2116,5.0000)
36.0 (29.0000,21.5000,5.0000) (30.9999,21.9999,5.0000) (32.7841,22.2116,5.0000)
37.0 (29.0000,21.5000,5.0000) (30.9999,21.9999,5.0000) (32.7841,22.2116,5.0000)
38.0 (29.0000,21.5000,5.0000) (30.9999,21.9999,5.0000) (32.7841,22.2116,5.0000)
39.0 (29.0000,21.5000,5.0000) (30.9999,21.9999,5.0000) (32.7841,22.2116,5.0000)
