0.0 (9.9345,6.5853) (9.0225,4.7935) (8.7357,3.3610)
1.0 (10.1688,6.6709) (9.2446,4.8878) (8.9714,3.4224)
2.0 (10.4030,6.7568) (9.4664,4.9826) (9.2070,3.4842)
3.0 (10.6370,6.8431) (9.6877,5.0782) (9.4423,3.5463)
4.0 (10.8707,6.9297) (9.9086,5.1745) (9.6776,3.6089)
5.0 (11.1043,7.0167) (10.1291,5.2713) (9.9127,3.6720)
6.0 (11.3377,7.1041) (10.3492,5.3689) (10.1476,3.7354)
7.0 (11.7191,7.3252) (10.4345,5.2843) (10.3886,3.7877)
8.0 (11.9502,7.4176) (10.6525,5.3839) (10.6240,3.8507)
9.0 (12.1809,7.5106) (10.8701,5.4843) (10.8592,3.9142)
10.0 (12.4113,7.6040) (11.0872,5.5855) (11.0942,3.9783)
11.0 (12.6413,7.6979) (11.3039,5.6876) (11.3290,4.0429)
12.0 (12.8710,7.7924) (11.5202,5.7906) (11.5636,4.1080)
13.0 (13.1003,7.8873) (11.7359,5.8944) (11.7979,4.1738)
14.0 (13.3292,7.9828) (11.9512,5.9992) (12.0321,4.2402)
15.0 (13.5578,8.0787) (12.1661,6.1049) (12.2660,4.3072)
16.0 (13.7860,8.1752) (12.3805,6.2116) (12.4997,4.3748)
17.0 (14.0138,8.2722) (12.5944,6.3191) (12.7331,4.4431)
18.0 (14.2412,8.3698) (12.8079,6.4275) (12.9663,4.5120)
19.0 (14.4682,8.4678) (13.0209,6.5369) (13.1992,4.5815)
20.0 (14.6949,8.5663) (13.2336,6.6471) (13.4319,4.6517)
21.0 (14.9213,8.6653) (13.4458,6.7583) (13.6643,4.7224)
22.0 (15.1497,8.7598) (13.6591,6.8686) (13.8923,4.8022)
23.0 (15.3754,8.8597) (13.8704,6.9817) (14.1242,4.8740)
24.0 (15.6009,8.9600) (14.0813,7.0957) (14.3558,4.9463)
25.0 (15.8260,9.0608) (14.2917,7.2106) (14.5872,5.0193)
26.0 (16.0508,9.1620) (14.5016,7.3265) (14.8184,5.0929)
27.0 (16.2753,9.2637) (14.7110,7.4434) (15.0492,5.1672)
28.0 (16.4994,9.3659) (14.9199,7.5614) (15.2798,5.2421)
29.0 (16.7232,9.4685) (15.1283,7.6803) (15.5101,5.3177)
30.0 (16.9466,9.5716) (15.3362,7.8002) (15.7400,5.3940)
31.0 (17.1697,9.6751) (15.5435,7.9212) (15.9698,5.4709)
32.0 (17.3925,9.7791) (15.7504,8.0432) (16.1993,5.5484)
33.0 (17.6149,9.8835) (15.9567,8.1663) (16.4285,5.6266)
34.0 (17.8369,9.9883) (16.1625,8.2904) (16.6574,5.7054)
35.0 (18.0586,10.0935) (16.3677,8.4156) (16.8860,5.7849)
36.0 (18.2799,10.1991) (16.5724,8.5418) (17.1143,5.8651)
37.0 (18.4985,10.3090) (16.7805,8.6560) (17.3435,5.9413)
38.0 (18.7190,10.4155) (16.9841,8.7843) (17.5711,6.0229)
39.0 (18.9391,10.5223) (17.1871,8.9137) (17.7982,6.1053)
40.0 (19.1588,10.6296) (17.3895,9.0442) (18.0248,6.1884)
41.0 (19.3780,10.7373) (17.5915,9.1757) (18.2510,6.2724)
42.0 (19.5968,10.8455) (17.7929,9.3084) (18.4767,6.3571)
43.0 (19.8151,10.9542) (18.0126,9.4023) (18.7115,6.4225)
44.0 (20.0328,11.0636) (18.2320,9.4968) (18.9460,6.4882)
45.0 (20.2499,11.1739) (18.4511,9.5917) (19.1802,6.5543)
46.0 (20.4663,11.2849) (18.6697,9.6872) (19.4143,6.6208)
47.0 (20.6821,11.3968) (18.8880,9.7831) (19.6481,6.6876)
48.0 (20.8973,11.5094) (19.1060,9.8794) (19.8817,6.7549)
49.0 (21.1117,11.6228) (19.3237,9.9761) (20.1150,6.8224)
50.0 (21.3255,11.7371) (19.5410,10.0732) (20.3481,6.8904)
51.0 (21.5331,11.8535) (19.7581,10.1707) (20.5810,6.9587)
52.0 (21.7380,11.9707) (19.9749,10.2684) (20.8134,7.0276)
53.0 (21.7302,12.0709) (20.1915,10.3663) (21.0454,7.0969)
54.0 (21.7360,12.1955) (20.4108,10.4607) (21.2769,7.1668)
55.0 (21.7422,12.3196) (20.6316,10.5523) (21.5079,7.2371)
56.0 (21.7316,12.4085) (20.8537,10.6413) (21.7383,7.3081)
57.0 (21.7199,12.4898) (21.0768,10.7277) (21.9682,7.3797)
58.0 (21.7076,12.5638) (21.3008,10.8118) (22.1974,7.4520)
59.0 (21.6948,12.6319) (21.5252,10.8946) (22.4261,7.5249)
60.0 (21.6818,12.6976) (21.7500,10.9764) (22.6541,7.5985)
61.0 (21.6685,12.7644) (21.9750,11.0579) (22.8813,7.6728)
62.0 (21.6557,12.8365) (22.1998,11.1399) (23.1078,7.7477)
63.0 (21.6447,12.9203) (22.4223,11.2236) (23.3334,7.8234)
64.0 (21.6399,13.0246) (22.6443,11.3078) (23.5578,7.8999)
65.0 (21.6512,13.1572) (22.8616,11.3978) (23.7813,7.9771)
66.0 (21.6893,13.3165) (23.0776,11.4875) (24.0036,8.0550)
67.0 (21.7093,13.4621) (23.2931,11.5770) (24.2248,8.1338)
68.0 (21.7174,13.5967) (23.5080,11.6682) (24.4448,8.2133)
69.0 (21.7138,13.7161) (23.7276,11.7347) (24.6636,8.2937)
70.0 (21.7038,13.8253) (23.9443,11.7755) (24.8813,8.3748)
71.0 (21.6999,13.8421) (24.1676,11.7755) (25.0977,8.4568)
72.0 (21.6955,13.8624) (24.4301,11.7972) (25.3126,8.5397)
73.0 (21.6906,13.8876) (24.6537,11.8754) (25.5261,8.6237)
74.0 (21.6852,13.9199) (24.8736,11.9578) (25.7381,8.7088)
75.0 (21.6800,13.9626) (25.0901,12.0433) (25.9483,8.7950)
76.0 (21.6767,14.0204) (25.3109,12.1223) (26.1567,8.8826)
77.0 (21.6792,14.0990) (25.5304,12.2023) (26.3634,8.9713)
78.0 (21.6940,14.2016) (25.7484,12.2831) (26.5684,9.0612)
79.0 (21.7240,14.3230) (25.9649,12.3650) (26.7716,9.1526)
80.0 (21.7343,14.4185) (26.1798,12.4480) (26.9729,9.2453)
81.0 (21.7387,14.5028) (26.3929,12.5323) (27.1724,9.3396)
82.0 (21.7386,14.5751) (26.6040,12.6179) (27.3699,9.4352)
83.0 (21.7356,14.6369) (26.7911,12.7556) (27.5520,9.5575)
84.0 (21.7310,14.6900) (26.9986,12.8438) (27.7459,9.6557)
85.0 (21.7256,14.7370) (27.2040,12.9334) (27.9378,9.7553)
86.0 (21.7199,14.7804) (27.4073,13.0247) (28.1271,9.8562)
87.0 (21.7142,14.8232) (27.6001,13.1237) (28.3139,9.9587)
88.0 (21.7113,14.8351) (27.7990,13.2183) (28.4981,10.0626)
89.0 (21.7081,14.8492) (27.9957,13.3145) (28.6797,10.1680)
90.0 (21.7045,14.8663) (28.1900,13.4124) (28.8587,10.2749)
91.0 (21.7003,14.8876) (28.3819,13.5120) (29.0349,10.3832)
92.0 (21.6957,14.9151) (28.5708,13.6132) (29.2084,10.4931)
93.0 (21.6909,14.9514) (28.7566,13.7162) (29.3791,10.6044)
94.0 (21.6871,15.0008) (28.9393,13.8210) (29.5470,10.7172)
95.0 (21.6872,15.0687) (29.1189,13.9275) (29.7120,10.8316)
96.0 (21.6969,15.1602) (29.2952,14.0358) (29.8740,10.9475)
97.0 (21.7216,15.2735) (29.4683,14.1459) (30.0329,11.0651)
98.0 (21.7337,15.3693) (29.6380,14.2578) (30.1888,11.1841)
99.0 (21.7409,15.4562) (29.8043,14.3714) (30.3415,11.3047)
100.0 (21.7430,15.5313) (29.9671,14.4870) (30.4912,11.4269)
101.0 (21.7417,15.5953) (30.1262,14.6044) (30.6376,11.5505)
102.0 (21.7384,15.6498) (30.2816,14.7237) (30.7809,11.6757)
103.0 (21.7339,15.6967) (30.4334,14.8448) (30.9209,11.8024)
104.0 (21.7290,15.7381) (30.5814,14.9677) (31.0577,11.9305)
105.0 (21.7240,15.7763) (30.7255,15.0925) (31.1912,12.0601)
106.0 (21.7189,15.8136) (30.8658,15.2190) (31.3213,12.1912)
107.0 (21.7174,15.8195) (31.0022,15.3473) (31.4481,12.3236)
108.0 (21.7158,15.8263) (31.1347,15.4774) (31.5711,12.4575)
109.0 (21.7139,15.8342) (31.2632,15.6091) (31.6901,12.5929)
110.0 (21.7118,15.8436) (31.3873,15.7426) (31.8051,12.7296)
111.0 (21.7093,15.8549) (31.5068,15.8778) (31.9160,12.8677)
112.0 (21.7064,15.8688) (31.6214,16.0147) (32.0224,13.0066)
113.0 (21.7030,15.8862) (31.7311,16.1530) (32.1242,13.1464)
114.0 (21.6992,15.9086) (31.8353,16.2923) (32.2214,13.2869)
115.0 (21.6950,15.9381) (31.9340,16.4326) (32.3143,13.4281)
116.0 (21.6911,15.9781) (32.0274,16.5738) (32.4026,13.5700)
117.0 (21.6891,16.0331) (32.1154,16.7156) (32.4860,13.7123)
118.0 (21.6865,16.0887) (32.1976,16.8581) (32.5646,13.8551)
119.0 (21.6880,16.1593) (32.2738,17.0011) (32.6382,13.9983)
120.0 (21.6944,16.2420) (32.3441,17.1445) (32.7067,14.1418)
121.0 (21.6917,16.3041) (32.4084,17.2883) (32.7702,14.2857)
122.0 (21.6872,16.3536) (32.4666,17.4325) (32.8287,14.4299)
123.0 (21.6822,16.3893) (32.5187,17.5768) (32.8820,14.5741)
124.0 (21.6776,16.4135) (32.5647,17.7212) (32.9302,14.7185)
125.0 (21.6741,16.4292) (32.6047,17.8657) (32.9734,14.8630)
126.0 (21.6716,16.4393) (32.6383,18.0100) (33.0114,15.0074)
127.0 (21.6699,16.4456) (32.6657,18.1541) (33.0442,15.1517)
128.0 (21.6689,16.4495) (32.6867,18.2979) (33.0717,15.2959)
129.0 (21.6682,16.4518) (32.7015,18.4412) (33.0939,15.4397)
130.0 (21.6678,16.4533) (32.7102,18.5841) (33.1109,15.5832)
131.0 (21.6675,16.4542) (32.7130,18.7265) (33.1228,15.7263)
132.0 (21.6673,16.4548) (32.7101,18.8684) (33.1296,15.8690)
133.0 (21.6672,16.4551) (32.7018,19.0099) (33.1315,16.0113)
134.0 (21.6672,16.4553) (32.6885,19.1508) (33.1287,16.1532)
135.0 (21.6672,16.4554) (32.6704,19.2912) (33.1213,16.2948)
136.0 (21.6671,16.4555) (32.6476,19.4309) (33.1096,16.4360)
137.0 (21.6671,16.4556) (32.6201,19.5700) (33.0938,16.5766)
138.0 (21.6671,16.4556) (32.5880,19.7085) (33.0741,16.7167)
139.0 (21.6671,16.4556) (32.5513,19.8462) (33.0505,16.8563)
140.0 (21.6671,16.4556) (32.5102,19.9827) (33.0230,16.9955)
141.0 (21.6671,16.4556) (32.4647,20.1182) (32.9916,17.1340)
142.0 (21.6671,16.4556) (32.4149,20.2524) (32.9564,17.2720)
143.0 (21.6671,16.4556) (32.3607,20.3854) (32.9174,17.4091)
144.0 (21.6671,16.4556) (32.3022,20.5172) (32.8747,17.5453)
145.0 (21.6671,16.4556) (32.2393,20.6477) (32.8284,17.6805)
146.0 (21.6671,16.4556) (32.1721,20.7769) (32.7784,17.8147)
147.0 (21.6671,16.4556) (32.1008,20.9046) (32.7248,17.9479)
148.0 (21.6671,16.4556) (32.0256,21.0306) (32.6675,18.0800)
149.0 (21.6671,16.4556) (31.9464,21.1545) (32.6066,18.2111)
150.0 (21.6671,16.4556) (31.8629,21.2760) (32.5420,18.3411)
151.0 (21.6671,16.4556) (31.7751,21.3950) (32.4739,18.4700)
152.0 (21.6671,16.4556) (31.6832,21.5115) (32.4023,18.5976)
153.0 (21.6671,16.4556) (31.5870,21.6252) (32.3275,18.7237)
154.0 (21.6671,16.4556) (31.4368,21.7669) (32.2143,18.8629)
155.0 (21.6671,16.4556) (31.3586,21.8532) (32.1339,18.9862)
156.0 (21.6671,16.4556) (31.2283,21.9719) (32.0142,19.1214)
157.0 (21.6671,16.4556) (31.1155,22.0739) (31.8922,19.2551)
158.0 (21.6671,16.4556) (31.0191,22.1564) (31.7681,19.3871)
159.0 (21.6671,16.4556) (30.9386,22.2213) (31.6419,19.5172)
160.0 (21.6671,16.4556) (30.8747,22.2698) (31.5137,19.6453)
161.0 (21.6671,16.4556) (30.8233,22.3044) (31.3967,19.7611)
162.0 (21.6671,16.4556) (30.7832,22.3286) (31.2929,19.8633)
163.0 (21.6671,16.4556) (30.7523,22.3453) (31.2014,19.9521)
164.0 (21.6671,16.4556) (30.7294,22.3563) (31.1217,20.0267)
165.0 (21.6671,16.4556) (30.7125,22.3632) (31.0530,20.0874)
166.0 (21.6671,16.4556) (30.7001,22.3675) (30.9933,20.1348)
167.0 (21.6671,16.4556) (30.6911,22.3699) (30.9415,20.1717)
168.0 (21.6671,16.4556) (30.6846,22.3713) (30.8968,20.1997)
169.0 (21.6671,16.4556) (30.6799,22.3719) (30.8596,20.2203)
170.0 (21.6671,16.4556) (30.6766,22.3720) (30.8294,20.2352)
171.0 (21.6671,16.4556) (30.6743,22.3720) (30.8052,20.2458)
172.0 (21.6671,16.4556) (30.6726,22.3718) (30.7862,20.2533)
173.0 (21.6671,16.4556) (30.6715,22.3716) (30.7715,20.2586)
174.0 (21.6671,16.4556) (30.6707,22.3713) (30.7603,20.2622)
175.0 (21.6671,16.4556) (30.6702,22.3711) (30.7517,20.2648)
176.0 (21.6671,16.4556) (30.6699,22.3709) (30.7452,20.2665)
177.0 (21.6671,16.4556) (30.6696,22.3707) (30.7402,20.2677)
178.0 (21.6671,16.4556) (30.6695,22.3706) (30.7364,20.2684)
179.0 (21.6671,16.4556) (30.6694,22.3705) (30.7336,20.2690)
180.0 (21.6671,16.4556) (30.6693,22.3704) (30.7315,20.2693)
181.0 (21.6671,16.4556) (30.6693,22.3703) (30.7299,20.2695)
182.0 (21.6671,16.4556) (30.6693,22.3703) (30.7287,20.2697)
183.0 (21.6671,16.4556) (30.6693,22.3702) (30.7278,20.2698)
184.0 (21.6671,16.4556) (30.6693,22.3702) (30.7271,20.2699)
185.0 (21.6671,16.4556) (30.6693,22.3702) (30.7267,20.2700)
186.0 (21.6671,16.4556) (30.6693,22.3701) (30.7263,20.2700)
187.0 (21.6671,16.4556) (30.6693,22.3701) (30.7260,20.2700)
188.0 (21.6671,16.4556) (30.6693,22.3701) (30.7258,20.2700)
189.0 (21.6671,16.4556) (30.6693,22.3701) (30.7257,20.2701)
190.0 (21.6671,16.4556) (30.6693,22.3701) (30.7256,20.2701)
191.0 (21.6671,16.4556) (30.6693,22.3701) (30.7255,20.2701)
192.0 (21.6671,16.4556) (30.6693,22.3701) (30.7255,20.2701)
193.0 (21.6671,16.4556) (30.6693,22.3701) (30.7254,20.2701)
194.0 (21.6671,16.4556) (30.6693,22.3701) (30.7254,20.2701)
195.0 (21.6671,16.4556) (30.6693,22.3701) (30.7254,20.2701)
196.0 (21.6671,16.4556) (30.6693,22.3701) (30.7253,20.2701)
197.0 (21.6671,16.4556) (30.6693,22.3701) (30.7253,20.2701)
