0.0 (18.8054,8.0959) (20.3907,7.5069) (21.3993,7.0005)
1.0 (19.4108,8.8918) (20.9813,8.3138) (21.9985,7.8011)
2.0 (20.0161,9.6878) (21.5720,9.1207) (22.5976,8.6017)
3.0 (20.6215,10.4838) (22.1627,9.9277) (23.1969,9.4023)
4.0 (21.2268,11.2798) (22.7534,10.7345) (23.7960,10.2028)
5.0 (21.8322,12.0757) (23.3441,11.5414) (24.3952,11.0034)
6.0 (22.4376,12.8716) (23.9348,12.3482) (24.9945,11.8040)
7.0 (23.1210,13.4767) (24.5253,13.1551) (25.5938,12.6046)
8.0 (23.8993,14.0104) (25.1160,13.9619) (26.1929,13.4052)
9.0 (24.4867,14.8192) (25.7067,14.7688) (26.7921,14.2057)
10.0 (25.1266,15.4721) (25.9072,15.5525) (27.7855,14.9611)
11.0 (25.6017,15.8225) (26.5271,16.3372) (28.3544,15.7835)
12.0 (26.1079,16.4555) (27.1468,17.1219) (28.9232,16.6060)
13.0 (26.8422,17.0079) (27.7667,17.9066) (29.4921,17.4285)
14.0 (27.2752,17.9094) (28.3866,18.6913) (30.0610,18.2509)
15.0 (27.7082,18.8108) (29.0065,19.4761) (30.6299,19.0734)
16.0 (28.1412,19.7122) (29.6263,20.2608) (31.0495,19.9810)
17.0 (28.5741,20.6136) (30.2461,21.0456) (31.4219,20.9092)
18.0 (29.0000,21.5000) (30.8660,21.8303) (31.1345,21.8671)
19.0 (29.0000,21.5000) (31.4117,21.8647) (30.6229,22.6675)
20.0 (29.0000,21.5000) (30.9999,22.0000) (31.6205,22.5973)
21.0 (29.0000,21.5000) (31.0000,22.0000) (32.6180,22.5270)
22.0 (29.0000,21.5000) (31.0000,22.0000) (32.6180,22.5270)
23.0 (29.0000,21.5000) (31.0000,22.0000) (32.6180,22.5270)
24.0 (29.0000,21.5000) (31.0000,22.0000) (32.6180,22.5270)
25.0 (29.0000,21.5000) (31.0000,22.0000) (32.6180,22.5270)
26.0 (29.0000,21.5000) (31.0000,22.0000) (32.6180,22.5270)
27.0 (29.0000,21.5000) (31.0000,22.0000) (32.6180,22.5270)
28.0 (29.0000,21.5000) (31.0000,22.0000) (32.6180,22.5270)
29.0 (29.0000,21.5000) (31.0000,22.0000) (32.6180,22.5270)
30.0 (29.0000,21.5000) (31.0000,22.0000) (32.6180,22.5270)
31.0 (29.0000,21.5000) (31.0000,22.0000) (32.6180,22.5270)
32.0 (29.0000,21.5000) (31.0000,22.0000) (32.6180,22.5270)
33.0 (29.0000,21.5000) (31.0000,22.0000) (32.6180,22.5270)
34.0 (29.0000,21.5000) (31.0000,22.0000) (32.6180,22.5270)
35.0 (29.0000,21.5000) (31.0000,22.0000) (32.6180,22.5270)
36.0 (29.0000,21.5000) (31.0000,22.0000) (32.6180,22.5270)
37.0 (29.0000,21.5000) (31.0000,22.0000) (32.6180,22.5270)
38.0 (29.0000,21.5000) (31.0000,22.0000) (32.6180,22.5270)
39.0 (29.0000,21.5000) (31.0000,22.0000) (32.6180,22.5270)
