0.0 (14.2976,8.3674) (15.7019,7.3649) (16.6832,5.8755)
1.0 (14.7952,9.2348) (16.2039,8.2297) (17.1664,6.7511)
2.0 (15.2927,10.1023) (16.7059,9.0947) (17.6497,7.6265)
3.0 (15.7903,10.9697) (17.2078,9.9595) (18.1329,8.5020)
4.0 (16.2878,11.8371) (17.7099,10.8244) (18.6162,9.3774)
5.0 (16.7853,12.7046) (18.2119,11.6893) (19.0994,10.2529)
6.0 (17.2829,13.5720) (18.7138,12.5542) (19.5826,11.1284)
7.0 (17.7803,14.4394) (19.2158,13.4191) (20.0914,11.9894)
8.0 (18.2779,15.3069) (19.7178,14.2840) (20.5735,12.8656)
9.0 (18.7754,16.1744) (20.2197,15.1489) (21.0555,13.7417)
10.0 (19.2729,17.0418) (20.7217,16.0137) (21.5374,14.6179)
11.0 (19.7705,17.9092) (21.2237,16.8786) (22.0195,15.4940)
12.0 (20.2680,18.7766) (21.7257,17.7434) (22.5014,16.3702)
13.0 (20.7655,19.6440) (22.2277,18.6083) (22.9835,17.2463)
14.0 (21.2630,20.5114) (22.7296,19.4732) (23.4655,18.1224)
15.0 (21.7606,21.3789) (23.2316,20.3381) (23.9475,18.9986)
16.0 (22.2582,21.4890) (22.7529,21.3944) (24.5893,19.4901)
17.0 (22.7326,21.4990) (20.7552,21.4904) (25.0472,20.3792)
18.0 (23.1808,21.4999) (21.3957,22.2389) (25.5049,21.2683)
19.0 (23.6028,21.5000) (21.5038,23.0618) (25.9625,22.1574)
20.0 (23.9992,21.5000) (21.5038,23.7865) (26.4202,23.0466)
21.0 (24.3706,21.5000) (21.4914,24.4682) (26.8779,23.9357)
22.0 (24.8354,22.3623) (21.4992,25.1310) (27.3357,24.8248)
23.0 (25.1723,23.3039) (21.4999,25.7596) (27.7934,25.7139)
24.0 (25.5093,24.2454) (21.5000,26.3514) (28.3121,26.5688)
25.0 (25.8462,25.1869) (21.5000,26.4865) (28.7536,27.4662)
26.0 (26.1832,26.1285) (21.5000,26.4988) (29.1951,28.3635)
27.0 (26.5201,27.0700) (21.5000,26.4999) (29.6365,29.2608)
28.0 (26.8571,28.0116) (21.5000,26.5000) (30.5568,28.8697)
29.0 (27.1940,28.9531) (21.5000,26.5000) (30.1149,29.7667)
30.0 (27.5310,29.8947) (21.5000,26.5000) (30.0000,30.0000)
31.0 (27.8679,30.8362) (21.5000,26.5000) (30.6088,29.2067)
32.0 (28.2048,31.7777) (21.5000,26.5000) (30.0001,30.0000)
33.0 (28.5417,32.7192) (21.5000,26.5000) (30.0000,30.0001)
34.0 (28.8786,33.6608) (21.5000,26.5000) (30.0000,29.9999)
35.0 (29.0000,34.0000) (21.5000,26.5000) (30.0000,30.0000)
36.0 (29.0000,34.0000) (21.5000,26.5000) (30.0000,30.0000)
37.0 (29.0000,34.0000) (21.5000,26.5000) (30.0000,30.0000)
38.0 (29.0000,33.9999) (21.5000,26.5000) (30.0000,30.0000)
39.0 (29.0000,34.0000) (21.5000,26.5000) (30.0000,30.0001)
