0.0 (9.9345,6.5853) (9.0225,4.7935) (8.7357,3.3610)
1.0 (10.1688,6.6709) (9.2446,4.8878) (8.9714,3.4224)
2.0 (10.4030,6.7568) (9.4664,4.9826) (9.2070,3.4842)
3.0 (10.6370,6.8431) (9.6877,5.0782) (9.4423,3.5463)
4.0 (10.8707,6.9297) (9.9086,5.1745) (9.6776,3.6089)
5.0 (11.1043,7.0167) (10.1291,5.2713) (9.9127,3.6720)
6.0 (11.3377,7.1041) (10.3492,5.3689) (10.1476,3.7354)
7.0 (11.5708,7.1918) (10.5689,5.4671) (10.3824,3.7992)
8.0 (11.8038,7.2799) (10.7882,5.5662) (10.6170,3.8634)
9.0 (12.0365,7.3685) (11.0071,5.6660) (10.8515,3.9280)
10.0 (12.2689,7.4574) (11.2256,5.7666) (11.0858,3.9931)
11.0 (12.5010,7.5469) (11.4436,5.8681) (11.3200,4.0586)
12.0 (12.7327,7.6368) (11.6612,5.9705) (11.5540,4.1246)
13.0 (12.9641,7.7273) (11.8783,6.0737) (11.7878,4.1910)
14.0 (13.2909,7.9573) (12.0223,5.9879) (12.0280,4.2459)
15.0 (13.5199,8.0525) (12.2376,6.0925) (12.2618,4.3130)
16.0 (13.7485,8.1482) (12.4524,6.1981) (12.4954,4.3806)
17.0 (13.9768,8.2444) (12.6667,6.3045) (12.7287,4.4487)
18.0 (14.2046,8.3412) (12.8805,6.4119) (12.9619,4.5175)
19.0 (14.4321,8.4384) (13.0939,6.5202) (13.1947,4.5869)
20.0 (14.6594,8.5361) (13.3067,6.6295) (13.4274,4.6569)
21.0 (14.8863,8.6343) (13.5191,6.7396) (13.6597,4.7274)
22.0 (15.1128,8.7329) (13.7309,6.8508) (13.8919,4.7985)
23.0 (15.3391,8.8320) (13.9423,6.9629) (14.1237,4.8702)
24.0 (15.5650,8.9315) (14.1531,7.0761) (14.3554,4.9424)
25.0 (15.7906,9.0315) (14.3635,7.1902) (14.5867,5.0153)
26.0 (16.0158,9.1320) (14.5734,7.3053) (14.8178,5.0887)
27.0 (16.2407,9.2329) (14.7828,7.4213) (15.0486,5.1628)
28.0 (16.4653,9.3343) (14.9917,7.5384) (15.2792,5.2375)
29.0 (16.6895,9.4362) (15.2001,7.6564) (15.5095,5.3128)
30.0 (16.9133,9.5385) (15.4080,7.7756) (15.7394,5.3889)
31.0 (17.1368,9.6413) (15.6153,7.8957) (15.9692,5.4655)
32.0 (17.3598,9.7446) (15.8222,8.0169) (16.1987,5.5428)
33.0 (17.5826,9.8483) (16.0285,8.1392) (16.4279,5.6206)
34.0 (17.8049,9.9524) (16.2343,8.2625) (16.6568,5.6992)
35.0 (18.0269,10.0570) (16.4396,8.3868) (16.8855,5.7784)
36.0 (18.2485,10.1619) (16.6443,8.5123) (17.1138,5.8583)
37.0 (18.4698,10.2672) (16.8485,8.6388) (17.3418,5.9388)
38.0 (18.6906,10.3728) (17.0522,8.7664) (17.5695,6.0201)
39.0 (18.9111,10.4788) (17.2553,8.8950) (17.7966,6.1022)
40.0 (19.1311,10.5852) (17.4579,9.0248) (18.0233,6.1850)
41.0 (19.3507,10.6921) (17.6599,9.1558) (18.2496,6.2687)
42.0 (19.5699,10.7994) (17.8614,9.2878) (18.4753,6.3532)
43.0 (19.7886,10.9072) (18.0623,9.4208) (18.7005,6.4384)
44.0 (20.0069,11.0154) (18.2824,9.5146) (18.9351,6.5041)
45.0 (20.2247,11.1243) (18.5021,9.6089) (19.1694,6.5701)
46.0 (20.4418,11.2341) (18.7215,9.7036) (19.4034,6.6366)
47.0 (20.6583,11.3447) (18.9405,9.7988) (19.6373,6.7034)
48.0 (20.8740,11.4560) (19.1592,9.8945) (19.8709,6.7705)
49.0 (21.0905,11.5657) (19.3787,9.9894) (20.1043,6.8381)
50.0 (21.3049,11.6787) (19.5967,10.0859) (20.3374,6.9060)
51.0 (21.5136,11.7936) (19.8145,10.1827) (20.5703,6.9743)
52.0 (21.7198,11.9090) (20.0319,10.2797) (20.8028,7.0430)
53.0 (21.7049,11.9606) (20.2492,10.3770) (21.0348,7.1123)
54.0 (21.6974,12.0564) (20.4687,10.4712) (21.2664,7.1821)
55.0 (21.7068,12.1819) (20.6898,10.5623) (21.4974,7.2524)
56.0 (21.7167,12.3070) (20.9121,10.6507) (21.7279,7.3233)
57.0 (21.7110,12.3367) (21.1267,10.7603) (21.9493,7.4097)
58.0 (21.7012,12.4185) (21.3509,10.8439) (22.1787,7.4819)
59.0 (21.6906,12.4955) (21.5756,10.9264) (22.4074,7.5546)
60.0 (21.6793,12.5687) (21.8007,11.0077) (22.6356,7.6281)
61.0 (21.6673,12.6386) (22.0261,11.0885) (22.8630,7.7022)
62.0 (21.6547,12.7070) (22.2492,11.1709) (23.0897,7.7770)
63.0 (21.6419,12.7769) (22.4722,11.2536) (23.3154,7.8526)
64.0 (21.6297,12.8528) (22.6947,11.3369) (23.5400,7.9289)
65.0 (21.6199,12.9415) (22.9125,11.4253) (23.7637,8.0059)
66.0 (21.6174,13.0519) (23.1293,11.5133) (23.9862,8.0838)
67.0 (21.6323,13.1903) (23.3460,11.6013) (24.2076,8.1624)
68.0 (21.6728,13.3527) (23.5668,11.6741) (24.4278,8.2418)
69.0 (21.6884,13.4958) (23.7864,11.7388) (24.6469,8.3220)
70.0 (21.6926,13.6277) (24.0024,11.7769) (24.8647,8.4030)
71.0 (21.6869,13.7470) (24.2148,11.7836) (25.0813,8.4848)
72.0 (21.6811,13.7993) (24.5042,11.7907) (25.2965,8.5676)
73.0 (21.6776,13.8136) (24.7263,11.8704) (25.5102,8.6514)
74.0 (21.6737,13.8304) (24.9449,11.9538) (25.7224,8.7363)
75.0 (21.6693,13.8505) (25.1664,12.0323) (25.9329,8.8224)
76.0 (21.6645,13.8752) (25.3866,12.1117) (26.1416,8.9097)
77.0 (21.6592,13.9065) (25.6054,12.1921) (26.3486,8.9983)
78.0 (21.6539,13.9469) (25.8228,12.2734) (26.5538,9.0880)
79.0 (21.6499,14.0004) (26.0386,12.3557) (26.7573,9.1792)
80.0 (21.6499,14.0717) (26.2527,12.4393) (26.9588,9.2718)
81.0 (21.6592,14.1650) (26.4650,12.5241) (27.1585,9.3658)
82.0 (21.6830,14.2795) (26.6753,12.6103) (27.3563,9.4612)
83.0 (21.6930,14.3743) (26.8835,12.6980) (27.5521,9.5580)
84.0 (21.6995,14.4629) (27.0897,12.7871) (27.7460,9.6562)
85.0 (21.7014,14.5406) (27.2937,12.8778) (27.9379,9.7558)
86.0 (21.6996,14.6074) (27.4956,12.9701) (28.1273,9.8568)
87.0 (21.6958,14.6653) (27.6953,13.0642) (28.3140,9.9592)
88.0 (21.6910,14.7170) (27.8927,13.1599) (28.4983,10.0631)
89.0 (21.6857,14.7653) (28.0878,13.2572) (28.6799,10.1685)
90.0 (21.6841,14.7714) (28.2807,13.3561) (28.8588,10.2754)
91.0 (21.6824,14.7782) (28.4707,13.4567) (29.0350,10.3838)
92.0 (21.6804,14.7858) (28.6577,13.5590) (29.2085,10.4936)
93.0 (21.6783,14.7943) (28.8417,13.6630) (29.3793,10.6050)
94.0 (21.6758,14.8042) (29.0226,13.7688) (29.5472,10.7178)
95.0 (21.6731,14.8156) (29.2004,13.8764) (29.7121,10.8322)
96.0 (21.6700,14.8291) (29.3749,13.9857) (29.8741,10.9481)
97.0 (21.6665,14.8454) (29.5462,14.0967) (30.0330,11.0656)
98.0 (21.6625,14.8653) (29.7141,14.2095) (30.1889,11.1847)
99.0 (21.6580,14.8903) (29.8656,14.3664) (30.3286,11.3257)
100.0 (21.6532,14.9222) (30.0269,14.4827) (30.4786,11.4477)
101.0 (21.6487,14.9640) (30.1846,14.6008) (30.6253,11.5713)
102.0 (21.6459,15.0195) (30.3386,14.7208) (30.7688,11.6963)
103.0 (21.6479,15.0933) (30.4890,14.8426) (30.9091,11.8229)
104.0 (21.6600,15.1888) (30.6355,14.9663) (31.0461,11.9509)
105.0 (21.6861,15.3036) (30.7783,15.0917) (31.1798,12.0804)
106.0 (21.6953,15.3941) (30.9172,15.2189) (31.3102,12.2114)
107.0 (21.7006,15.4767) (31.0522,15.3478) (31.4372,12.3437)
108.0 (21.7016,15.5485) (31.1833,15.4784) (31.5605,12.4776)
109.0 (21.6998,15.6100) (31.3104,15.6108) (31.6797,12.6128)
110.0 (21.6962,15.6631) (31.4330,15.7448) (31.7949,12.7495)
111.0 (21.6918,15.7104) (31.5508,15.8806) (31.9060,12.8875)
112.0 (21.6871,15.7543) (31.6639,16.0180) (32.0126,13.0264)
113.0 (21.6822,15.7974) (31.7719,16.1566) (32.1146,13.1661)
114.0 (21.6808,15.8031) (31.8743,16.2963) (32.2120,13.3066)
115.0 (21.6792,15.8097) (31.9714,16.4368) (32.3051,13.4478)
116.0 (21.6774,15.8174) (32.0633,16.5782) (32.3935,13.5896)
117.0 (21.6753,15.8266) (32.1496,16.7203) (32.4771,13.7320)
118.0 (21.6729,15.8376) (32.2301,16.8629) (32.5558,13.8747)
119.0 (21.6701,15.8509) (32.3047,17.0060) (32.6295,14.0179)
120.0 (21.6669,15.8673) (32.3733,17.1495) (32.6981,14.1615)
121.0 (21.6632,15.8880) (32.4360,17.2935) (32.7617,14.3053)
122.0 (21.6591,15.9145) (32.4927,17.4377) (32.8202,14.4495)
123.0 (21.6549,15.9491) (32.5432,17.5820) (32.8736,14.5937)
124.0 (21.6516,15.9950) (32.5877,17.7264) (32.9218,14.7381)
125.0 (21.6511,16.0565) (32.6262,17.8709) (32.9650,14.8826)
126.0 (21.6485,16.1112) (32.6584,18.0152) (33.0030,15.0270)
127.0 (21.6487,16.1773) (32.6843,18.1592) (33.0358,15.1713)
128.0 (21.6518,16.2517) (32.7039,18.3029) (33.0632,15.3155)
129.0 (21.6559,16.3279) (32.7174,18.4461) (33.0854,15.4593)
130.0 (21.6508,16.3607) (32.7249,18.5889) (33.1023,15.6027)
131.0 (21.6463,16.3837) (32.7265,18.7312) (33.1141,15.7458)
132.0 (21.6428,16.3994) (32.7226,18.8730) (33.1208,15.8886)
133.0 (21.6402,16.4098) (32.7133,19.0145) (33.1225,16.0309)
134.0 (21.6384,16.4166) (32.6990,19.1553) (33.1196,16.1728)
135.0 (21.6372,16.4210) (32.6801,19.2955) (33.1120,16.3144)
136.0 (21.6364,16.4239) (32.6565,19.4351) (33.1002,16.4555)
137.0 (21.6359,16.4257) (32.6282,19.5741) (33.0843,16.5961)
138.0 (21.6355,16.4269) (32.5954,19.7125) (33.0644,16.7362)
139.0 (21.6353,16.4276) (32.5581,19.8500) (33.0406,16.8758)
140.0 (21.6352,16.4281) (32.5163,19.9864) (33.0129,17.0149)
141.0 (21.6351,16.4284) (32.4702,20.1217) (32.9813,17.1534)
142.0 (21.6350,16.4286) (32.4198,20.2558) (32.9458,17.2914)
143.0 (21.6350,16.4287) (32.3651,20.3887) (32.9066,17.4284)
144.0 (21.6350,16.4288) (32.3061,20.5203) (32.8637,17.5645)
145.0 (21.6350,16.4289) (32.2427,20.6506) (32.8171,17.6997)
146.0 (21.6350,16.4289) (32.1750,20.7797) (32.7668,17.8338)
147.0 (21.6349,16.4289) (32.1033,20.9072) (32.7129,17.9669)
148.0 (21.6349,16.4289) (32.0277,21.0330) (32.6554,18.0990)
149.0 (21.6349,16.4289) (31.9481,21.1567) (32.5942,18.2300)
150.0 (21.6349,16.4289) (31.8072,21.3175) (32.4952,18.3769)
151.0 (21.6349,16.4289) (31.7203,21.4371) (32.4279,18.5060)
152.0 (21.6349,16.4289) (31.6289,21.5539) (32.3569,18.6339)
153.0 (21.6349,16.4289) (31.5351,21.6661) (32.2827,18.7603)
154.0 (21.6349,16.4289) (31.4480,21.7655) (32.2051,18.8850)
155.0 (21.6349,16.4289) (31.3095,21.8933) (32.0883,19.0220)
156.0 (21.6349,16.4289) (31.1860,22.0070) (31.9691,19.1576)
157.0 (21.6349,16.4289) (31.0791,22.1031) (31.8476,19.2916)
158.0 (21.6349,16.4289) (30.9886,22.1797) (31.7239,19.4238)
159.0 (21.6349,16.4289) (30.9142,22.2389) (31.5981,19.5540)
160.0 (21.6349,16.4289) (30.8551,22.2826) (31.4740,19.6790)
161.0 (21.6349,16.4289) (30.8080,22.3135) (31.3614,19.7914)
162.0 (21.6349,16.4289) (30.7712,22.3351) (31.2621,19.8899)
163.0 (21.6349,16.4289) (30.7434,22.3496) (31.1748,19.9747)
164.0 (21.6349,16.4289) (30.7228,22.3591) (31.0987,20.0456)
165.0 (21.6349,16.4289) (30.7076,22.3650) (31.0335,20.1024)
166.0 (21.6349,16.4289) (30.6966,22.3686) (30.9765,20.1465)
167.0 (21.6349,16.4289) (30.6885,22.3706) (30.9270,20.1807)
168.0 (21.6349,16.4289) (30.6827,22.3716) (30.8846,20.2064)
169.0 (21.6349,16.4289) (30.6786,22.3720) (30.8497,20.2251)
170.0 (21.6349,16.4289) (30.6756,22.3721) (30.8214,20.2386)
171.0 (21.6349,16.4289) (30.6736,22.3720) (30.7989,20.2482)
172.0 (21.6349,16.4289) (30.6722,22.3717) (30.7813,20.2550)
173.0 (21.6349,16.4289) (30.6712,22.3715) (30.7678,20.2598)
174.0 (21.6349,16.4289) (30.6705,22.3713) (30.7574,20.2631)
175.0 (21.6349,16.4289) (30.6701,22.3710) (30.7495,20.2653)
176.0 (21.6349,16.4289) (30.6698,22.3708) (30.7435,20.2669)
177.0 (21.6349,16.4289) (30.6696,22.3707) (30.7390,20.2679)
178.0 (21.6349,16.4289) (30.6694,22.3706) (30.7355,20.2686)
179.0 (21.6349,16.4289) (30.6694,22.3704) (30.7329,20.2691)
180.0 (21.6349,16.4289) (30.6693,22.3704) (30.7309,20.2694)
181.0 (21.6349,16.4289) (30.6693,22.3703) (30.7295,20.2696)
182.0 (21.6349,16.4289) (30.6693,22.3702) (30.7284,20.2697)
183.0 (21.6349,16.4289) (30.6693,22.3702) (30.7276,20.2699)
184.0 (21.6349,16.4289) (30.6693,22.3702) (30.7270,20.2699)
185.0 (21.6349,16.4289) (30.6693,22.3702) (30.7265,20.2700)
186.0 (21.6349,16.4289) (30.6693,22.3701) (30.7262,20.2700)
187.0 (21.6349,16.4289) (30.6693,22.3701) (30.7260,20.2700)
188.0 (21.6349,16.4289) (30.6693,22.3701) (30.7258,20.2701)
189.0 (21.6349,16.4289) (30.6693,22.3701) (30.7257,20.2701)
190.0 (21.6349,16.4289) (30.6693,22.3701) (30.7256,20.2701)
191.0 (21.6349,16.4289) (30.6693,22.3701) (30.7255,20.2701)
192.0 (21.6349,16.4289) (30.6693,22.3701) (30.7254,20.2701)
193.0 (21.6349,16.4289) (30.6693,22.3701) (30.7254,20.2701)
194.0 (21.6349,16.4289) (30.6693,22.3701) (30.7254,20.2701)
195.0 (21.6349,16.4289) (30.6693,22.3701) (30.7253,20.2701)
196.0 (21.6349,16.4289) (30.6693,22.3701) (30.7253,20.2701)
197.0 (21.6349,16.4289) (30.6693,22.3701) (30.7253,20.2701)
198.0 (21.6349,16.4289) (30.6693,22.3701) (30.7253,20.2701)
199.0 (21.6349,16.4289) (30.6693,22.3701) (30.7253,20.2701)
200.0 (21.6349,16.4289) (30.6693,22.3701) (30.7253,20.2701)
201.0 (21.6349,16.4289) (30.6693,22.3701) (30.7253,20.2701)
202.0 (21.6349,16.4289) (30.6693,22.3701) (30.7253,20.2701)
203.0 (21.6349,16.4289) (30.6693,22.3701) (30.7253,20.2701)
204.0 (21.6349,16.4289) (30.6693,22.3701) (30.7253,20.2701)
205.0 (21.6349,16.4289) (30.6693,22.3701) (30.7253,20.2701)
206.0 (21.6349,16.4289) (30.6693,22.3701) (30.7253,20.2701)
207.0 (21.6349,16.4289) (30.6693,22.3701) (30.7253,20.2701)
208.0 (21.6349,16.4289) (30.6693,22.3701) (30.7253,20.2701)
209.0 (21.6349,16.4289) (30.6693,22.3701) (30.7253,20.2701)
210.0 (21.6349,16.4289) (30.6693,22.3701) (30.7253,20.2701)
211.0 (21.6349,16.4289) (30.6693,22.3701) (30.7253,20.2701)
212.0 (21.6349,16.4289) (30.6693,22.3701) (30.7253,20.2701)
213.0 (21.6349,16.4289) (30.6693,22.3701) (30.7253,20.2701)
214.0 (21.6349,16.4289) (30.6693,22.3701) (30.7253,20.2701)
215.0 (21.6349,16.4289) (30.6693,22.3701) (30.7253,20.2701)
216.0 (21.6349,16.4289) (30.6693,22.3701) (30.7253,20.2701)
217.0 (21.6349,16.4289) (30.6693,22.3701) (30.7253,20.2701)
218.0 (21.6349,16.4289) (30.6693,22.3701) (30.7253,20.2701)
219.0 (21.6349,16.4289) (30.6693,22.3701) (30.7253,20.2701)
220.0 (21.6349,16.4289) (30.6693,22.3701) (30.7253,20.2701)
221.0 (21.6349,16.4289) (30.6693,22.3701) (30.7253,20.2701)
222.0 (21.6349,16.4289) (30.6693,22.3701) (30.7253,20.2701)
223.0 (21.6349,16.4289) (30.6693,22.3701) (30.7253,20.2701)
224.0 (21.6349,16.4289) (30.6693,22.3701) (30.7253,20.2701)
225.0 (21.6349,16.4289) (30.6693,22.3701) (30.7253,20.2701)
226.0 (21.6349,16.4289) (30.6693,22.3701) (30.7253,20.2701)
227.0 (21.6349,16.4289) (30.6693,22.3701) (30.7253,20.2701)
228.0 (21.6349,16.4289) (30.6693,22.3701) (30.7253,20.2701)
229.0 (21.6349,16.4289) (30.6693,22.3701) (30.7253,20.2701)
230.0 (21.6349,16.4289) (30.6693,22.3701) (30.7253,20.2701)
231.0 (21.6349,16.4289) (30.6693,22.3701) (30.7253,20.2701)
232.0 (21.6349,16.4289) (30.6693,22.3701) (30.7253,20.2701)
233.0 (21.6349,16.4289) (30.6693,22.3701) (30.7253,20.2701)
234.0 (21.6349,16.4289) (30.6693,22.3701) (30.7253,20.2701)
235.0 (21.6349,16.4289) (30.6693,22.3701) (30.7253,20.2701)
236.0 (21.6349,16.4289) (30.6693,22.3701) (30.7253,20.2701)
237.0 (21.6349,16.4289) (30.6693,22.3701) (30.7253,20.2701)
238.0 (21.6349,16.4289) (30.6693,22.3701) (30.7253,20.2701)
239.0 (21.6349,16.4289) (30.6693,22.3701) (30.7253,20.2701)
240.0 (21.6349,16.4289) (30.6693,22.3701) (30.7253,20.2701)
241.0 (21.6349,16.4289) (30.6693,22.3701) (30.7253,20.2701)
242.0 (21.6349,16.4289) (30.6693,22.3701) (30.7253,20.2701)
243.0 (21.6349,16.4289) (30.6693,22.3701) (30.7253,20.2701)
244.0 (21.6349,16.4289) (30.6693,22.3701) (30.7253,20.2701)
245.0 (21.6349,16.4289) (30.6693,22.3701) (30.7253,20.2701)
246.0 (21.6349,16.4289) (30.6693,22.3701) (30.7253,20.2701)
247.0 (21.6349,16.4289) (30.6693,22.3701) (30.7253,20.2701)
248.0 (21.6349,16.4289) (30.6693,22.3701) (30.7253,20.2701)
249.0 (21.6349,16.4289) (30.6693,22.3701) (30.7253,20.2701)
250.0 (21.6349,16.4289) (30.6693,22.3701) (30.7253,20.2701)
251.0 (21.6349,16.4289) (30.6693,22.3701) (30.7253,20.2701)
252.0 (21.6349,16.4289) (30.6693,22.3701) (30.7253,20.2701)
253.0 (21.6349,16.4289) (30.6693,22.3701) (30.7253,20.2701)
254.0 (21.6349,16.4289) (30.6693,22.3701) (30.7253,20.2701)
255.0 (21.6349,16.4289) (30.6693,22.3701) (30.7253,20.2701)
256.0 (21.6349,16.4289) (30.6693,22.3701) (30.7253,20.2701)
257.0 (21.6349,16.4289) (30.6693,22.3701) (30.7253,20.2701)
258.0 (21.6349,16.4289) (30.6693,22.3701) (30.7253,20.2701)
259.0 (21.6349,16.4289) (30.6693,22.3701) (30.7253,20.2701)
260.0 (21.6349,16.4289) (30.6693,22.3701) (30.7253,20.2701)
261.0 (21.6349,16.4289) (30.6693,22.3701) (30.7253,20.2701)
262.0 (21.6349,16.4289) (30.6693,22.3701) (30.7253,20.2701)
263.0 (21.6349,16.4289) (30.6693,22.3701) (30.7253,20.2701)
264.0 (21.6349,16.4289) (30.6693,22.3701) (30.7253,20.2701)
265.0 (21.6349,16.4289) (30.6693,22.3701) (30.7253,20.2701)
266.0 (21.6349,16.4289) (30.6693,22.3701) (30.7253,20.2701)
267.0 (21.6349,16.4289) (30.6693,22.3701) (30.7253,20.2701)
268.0 (21.6349,16.4289) (30.6693,22.3701) (30.7253,20.2701)
269.0 (21.6349,16.4289) (30.6693,22.3701) (30.7253,20.2701)
270.0 (21.6349,16.4289) (30.6693,22.3701) (30.7253,20.2701)
271.0 (21.6349,16.4289) (30.6693,22.3701) (30.7253,20.2701)
272.0 (21.6349,16.4289) (30.6693,22.3701) (30.7253,20.2701)
273.0 (21.6349,16.4289) (30.6693,22.3701) (30.7253,20.2701)
274.0 (21.6349,16.4289) (30.6693,22.3701) (30.7253,20.2701)
275.0 (21.6349,16.4289) (30.6693,22.3701) (30.7253,20.2701)
276.0 (21.6349,16.4289) (30.6693,22.3701) (30.7253,20.2701)
277.0 (21.6349,16.4289) (30.6693,22.3701) (30.7253,20.2701)
278.0 (21.6349,16.4289) (30.6693,22.3701) (30.7253,20.2701)
279.0 (21.6349,16.4289) (30.6693,22.3701) (30.7253,20.2701)
280.0 (21.6349,16.4289) (30.6693,22.3701) (30.7253,20.2701)
281.0 (21.6349,16.4289) (30.6693,22.3701) (30.7253,20.2701)
282.0 (21.6349,16.4289) (30.6693,22.3701) (30.7253,20.2701)
283.0 (21.6349,16.4289) (30.6693,22.3701) (30.7253,20.2701)
284.0 (21.6349,16.4289) (30.6693,22.3701) (30.7253,20.2701)
285.0 (21.6349,16.4289) (30.6693,22.3701) (30.7253,20.2701)
286.0 (21.6349,16.4289) (30.6693,22.3701) (30.7253,20.2701)
287.0 (21.6349,16.4289) (30.6693,22.3701) (30.7253,20.2701)
288.0 (21.6349,16.4289) (30.6693,22.3701) (30.7253,20.2701)
289.0 (21.6349,16.4289) (30.6693,22.3701) (30.7253,20.2701)
290.0 (21.6349,16.4289) (30.6693,22.3701) (30.7253,20.2701)
291.0 (21.6349,16.4289) (30.6693,22.3701) (30.7253,20.2701)
292.0 (21.6349,16.4289) (30.6693,22.3701) (30.7253,20.2701)
293.0 (21.6349,16.4289) (30.6693,22.3701) (30.7253,20.2701)
294.0 (21.6349,16.4289) (30.6693,22.3701) (30.7253,20.2701)
295.0 (21.6349,16.4289) (30.6693,22.3701) (30.7253,20.2701)
296.0 (21.6349,16.4289) (30.6693,22.3701) (30.7253,20.2701)
297.0 (21.6349,16.4289) (30.6693,22.3701) (30.7253,20.2701)
298.0 (21.6349,16.4289) (30.6693,22.3701) (30.7253,20.2701)
299.0 (21.6349,16.4289) (30.6693,22.3701) (30.7253,20.2701)
300.0 (21.6349,16.4289) (30.6693,22.3701) (30.7253,20.2701)
301.0 (21.6349,16.4289) (30.6693,22.3701) (30.7253,20.2701)
302.0 (21.6349,16.4289) (30.6693,22.3701) (30.7253,20.2701)
303.0 (21.6349,16.4289) (30.6693,22.3701) (30.7253,20.2701)
304.0 (21.6349,16.4289) (30.6693,22.3701) (30.7253,20.2701)
305.0 (21.6349,16.4289) (30.6693,22.3701) (30.7253,20.2701)
306.0 (21.6349,16.4289) (30.6693,22.3701) (30.7253,20.2701)
307.0 (21.6349,16.4289) (30.6693,22.3701) (30.7253,20.2701)
308.0 (21.6349,16.4289) (30.6693,22.3701) (30.7253,20.2701)
309.0 (21.6349,16.4289) (30.6693,22.3701) (30.7253,20.2701)
310.0 (21.6349,16.4289) (30.6693,22.3701) (30.7253,20.2701)
311.0 (21.6349,16.4289) (30.6693,22.3701) (30.7253,20.2701)
312.0 (21.6349,16.4289) (30.6693,22.3701) (30.7253,20.2701)
313.0 (21.6349,16.4289) (30.6693,22.3701) (30.7253,20.2701)
314.0 (21.6349,16.4289) (30.6693,22.3701) (30.7253,20.2701)
315.0 (21.6349,16.4289) (30.6693,22.3701) (30.7253,20.2701)
316.0 (21.6349,16.4289) (30.6693,22.3701) (30.7253,20.2701)
317.0 (21.6349,16.4289) (30.6693,22.3701) (30.7253,20.2701)
318.0 (21.6349,16.4289) (30.6693,22.3701) (30.7253,20.2701)
319.0 (21.6349,16.4289) (30.6693,22.3701) (30.7253,20.2701)
320.0 (21.6349,16.4289) (30.6693,22.3701) (30.7253,20.2701)
321.0 (21.6349,16.4289) (30.6693,22.3701) (30.7253,20.2701)
322.0 (21.6349,16.4289) (30.6693,22.3701) (30.7253,20.2701)
323.0 (21.6349,16.4289) (30.6693,22.3701) (30.7253,20.2701)
324.0 (21.6349,16.4289) (30.6693,22.3701) (30.7253,20.2701)
325.0 (21.6349,16.4289) (30.6693,22.3701) (30.7253,20.2701)
326.0 (21.6349,16.4289) (30.6693,22.3701) (30.7253,20.2701)
327.0 (21.6349,16.4289) (30.6693,22.3701) (30.7253,20.2701)
328.0 (21.6349,16.4289) (30.6693,22.3701) (30.7253,20.2701)
329.0 (21.6349,16.4289) (30.6693,22.3701) (30.7253,20.2701)
330.0 (21.6349,16.4289) (30.6693,22.3701) (30.7253,20.2701)
331.0 (21.6349,16.4289) (30.6693,22.3701) (30.7253,20.2701)
332.0 (21.6349,16.4289) (30.6693,22.3701) (30.7253,20.2701)
333.0 (21.6349,16.4289) (30.6693,22.3701) (30.7253,20.2701)
334.0 (21.6349,16.4289) (30.6693,22.3701) (30.7253,20.2701)
335.0 (21.6349,16.4289) (30.6693,22.3701) (30.7253,20.2701)
336.0 (21.6349,16.4289) (30.6693,22.3701) (30.7253,20.2701)
337.0 (21.6349,16.4289) (30.6693,22.3701) (30.7253,20.2701)
338.0 (21.6349,16.4289) (30.6693,22.3701) (30.7253,20.2701)
339.0 (21.6349,16.4289) (30.6693,22.3701) (30.7253,20.2701)
340.0 (21.6349,16.4289) (30.6693,22.3701) (30.7253,20.2701)
341.0 (21.6349,16.4289) (30.6693,22.3701) (30.7253,20.2701)
342.0 (21.6349,16.4289) (30.6693,22.3701) (30.7253,20.2701)
343.0 (21.6349,16.4289) (30.6693,22.3701) (30.7253,20.2701)
344.0 (21.6349,16.4289) (30.6693,22.3701) (30.7253,20.2701)
345.0 (21.6349,16.4289) (30.6693,22.3701) (30.7253,20.2701)
346.0 (21.6349,16.4289) (30.6693,22.3701) (30.7253,20.2701)
347.0 (21.6349,16.4289) (30.6693,22.3701) (30.7253,20.2701)
348.0 (21.6349,16.4289) (30.6693,22.3701) (30.7253,20.2701)
349.0 (21.6349,16.4289) (30.6693,22.3701) (30.7253,20.2701)
350.0 (21.6349,16.4289) (30.6693,22.3701) (30.7253,20.2701)
351.0 (21.6349,16.4289) (30.6693,22.3701) (30.7253,20.2701)
352.0 (21.6349,16.4289) (30.6693,22.3701) (30.7253,20.2701)
353.0 (21.6349,16.4289) (30.6693,22.3701) (30.7253,20.2701)
354.0 (21.6349,16.4289) (30.6693,22.3701) (30.7253,20.2701)
355.0 (21.6349,16.4289) (30.6693,22.3701) (30.7253,20.2701)
356.0 (21.6349,16.4289) (30.6693,22.3701) (30.7253,20.2701)
357.0 (21.6349,16.4289) (30.6693,22.3701) (30.7253,20.2701)
358.0 (21.6349,16.4289) (30.6693,22.3701) (30.7253,20.2701)
359.0 (21.6349,16.4289) (30.6693,22.3701) (30.7253,20.2701)
360.0 (21.6349,16.4289) (30.6693,22.3701) (30.7253,20.2701)
361.0 (21.6349,16.4289) (30.6693,22.3701) (30.7253,20.2701)
362.0 (21.6349,16.4289) (30.6693,22.3701) (30.7253,20.2701)
363.0 (21.6349,16.4289) (30.6693,22.3701) (30.7253,20.2701)
364.0 (21.6349,16.4289) (30.6693,22.3701) (30.7253,20.2701)
365.0 (21.6349,16.4289) (30.6693,22.3701) (30.7253,20.2701)
366.0 (21.6349,16.4289) (30.6693,22.3701) (30.7253,20.2701)
367.0 (21.6349,16.4289) (30.6693,22.3701) (30.7253,20.2701)
368.0 (21.6349,16.4289) (30.6693,22.3701) (30.7253,20.2701)
369.0 (21.6349,16.4289) (30.6693,22.3701) (30.7253,20.2701)
370.0 (21.6349,16.4289) (30.6693,22.3701) (30.7253,20.2701)
371.0 (21.6349,16.4289) (30.6693,22.3701) (30.7253,20.2701)
372.0 (21.6349,16.4289) (30.6693,22.3701) (30.7253,20.2701)
373.0 (21.6349,16.4289) (30.6693,22.3701) (30.7253,20.2701)
374.0 (21.6349,16.4289) (30.6693,22.3701) (30.7253,20.2701)
375.0 (21.6349,16.4289) (30.6693,22.3701) (30.7253,20.2701)
376.0 (21.6349,16.4289) (30.6693,22.3701) (30.7253,20.2701)
377.0 (21.6349,16.4289) (30.6693,22.3701) (30.7253,20.2701)
378.0 (21.6349,16.4289) (30.6693,22.3701) (30.7253,20.2701)
379.0 (21.6349,16.4289) (30.6693,22.3701) (30.7253,20.2701)
380.0 (21.6349,16.4289) (30.6693,22.3701) (30.7253,20.2701)
381.0 (21.6349,16.4289) (30.6693,22.3701) (30.7253,20.2701)
382.0 (21.6349,16.4289) (30.6693,22.3701) (30.7253,20.2701)
383.0 (21.6349,16.4289) (30.6693,22.3701) (30.7253,20.2701)
384.0 (21.6349,16.4289) (30.6693,22.3701) (30.7253,20.2701)
385.0 (21.6349,16.4289) (30.6693,22.3701) (30.7253,20.2701)
386.0 (21.6349,16.4289) (30.6693,22.3701) (30.7253,20.2701)
387.0 (21.6349,16.4289) (30.6693,22.3701) (30.7253,20.2701)
388.0 (21.6349,16.4289) (30.6693,22.3701) (30.7253,20.2701)
389.0 (21.6349,16.4289) (30.6693,22.3701) (30.7253,20.2701)
390.0 (21.6349,16.4289) (30.6693,22.3701) (30.7253,20.2701)
391.0 (21.6349,16.4289) (30.6693,22.3701) (30.7253,20.2701)
392.0 (21.6349,16.4289) (30.6693,22.3701) (30.7253,20.2701)
393.0 (21.6349,16.4289) (30.6693,22.3701) (30.7253,20.2701)
394.0 (21.6349,16.4289) (30.6693,22.3701) (30.7253,20.2701)
395.0 (21.6349,16.4289) (30.6693,22.3701) (30.7253,20.2701)
396.0 (21.6349,16.4289) (30.6693,22.3701) (30.7253,20.2701)
397.0 (21.6349,16.4289) (30.6693,22.3701) (30.7253,20.2701)
398.0 (21.6349,16.4289) (30.6693,22.3701) (30.7253,20.2701)
